Fraction CCerr CCPercentileErr CCpercInv BCerr BCPercentileErr BCpercInv SCerr SCPercentileErr SCpercInv
0.05 0.015479108  0.013495637  0.031243221  0.506135620  0.228510524  0.046094260  0.511416835  0.284979237  0.045194821
0.10 0.012991714  0.011477922  0.026814525  0.416724615  0.159273490  0.045724775  0.420606642  0.201865341  0.043939908
0.15 0.006690266  0.005248683  0.013520702  0.366878037  0.125280728  0.045216437  0.371767519  0.169947689  0.043257606
0.20 0.006130220  0.005994133  0.014696496  0.326769042  0.104935367  0.043016198  0.330194961  0.131756315  0.041072870
0.25 0.007047971  0.005942243  0.017445009  0.289632356  0.092144427  0.040680622  0.294069283  0.122054112  0.039034985
0.30 0.004839375  0.004291285  0.010377745  0.260660188  0.079363022  0.037404408  0.263453936  0.106201635  0.035358526
0.35 0.004483991  0.004050826  0.009722024  0.235913710  0.070285311  0.035743686  0.239093211  0.097508805  0.033880109
0.40 0.004083859  0.004221460  0.009354521  0.215987163  0.064730882  0.033464017  0.217956634  0.084732555  0.031267261
0.45 0.004333419  0.003452620  0.009279916  0.195265843  0.059302111  0.031263361  0.196080361  0.076141555  0.028815415
0.50 0.003262651  0.003419319  0.008288165  0.174570714  0.051032720  0.028410163  0.175641671  0.066653532  0.025716688
0.55 0.003224629  0.002794633  0.006945528  0.156478888  0.046556971  0.025727405  0.158605930  0.062009940  0.023558967
0.60 0.003151037  0.002784301  0.007173432  0.142659348  0.042237776  0.023858682  0.144306019  0.055576028  0.021450501
0.65 0.002268281  0.001919071  0.004970088  0.126699900  0.038335047  0.021248350  0.128024197  0.046356889  0.019299999
0.70 0.002260235  0.002302969  0.005436245  0.111631422  0.034167504  0.018657748  0.112534921  0.041560494  0.016866605
0.75 0.001621125  0.001401395  0.003959753  0.095429807  0.029251251  0.016079905  0.096297559  0.035622757  0.014266023
0.80 0.001892562  0.001884779  0.004571113  0.079282460  0.025359249  0.013346706  0.079929669  0.033240866  0.011889642
0.85 0.001507783  0.001322153  0.003492573  0.063571362  0.022051404  0.010799138  0.064367888  0.027341589  0.009402160
0.90 0.001088679  0.001023849  0.002540898  0.045558199  0.017323908  0.007585181  0.045757492  0.021688970  0.006537253
0.95 0.000909600  0.000876471  0.002301375  0.027139159  0.012202189  0.004374559  0.026677784  0.015649366  0.003755292
1.0 0.000000000  0.000000000  0.000000000  0.000000000  0.000000000  0.000044411  0.000000000  0.000000000  0.000000000
