


# Centrality indices at time 28
# Label Closeness Stress Betweenness
1 0.0003089280197714 102066 10707.2137986893050000
2 0.0002889338341520 76968 9611.7868393877520000
3 0.0003239390994493 139936 13045.4335197562410000
4 0.0002886002886003 63630 6442.7835101989660000
5 0.0002787068004459 15008 1726.0575936862065000
6 0.0002912055911474 40268 4034.1085519171256000
7 0.0002972651605232 126758 16112.5400053352880000
8 0.0002561475409836 6058 770.8879121490044000
9 0.0002977076510866 47162 4442.3450958048920000
10 0.0002900232018561 122616 13692.7278434938940000
11 0.0002975304968759 45052 5272.6247977733790000
12 0.0002734481815696 31640 3430.0375453328697000
13 0.0003067484662577 136070 18088.1855779422200000
14 0.0002843332385556 128700 16157.8626511850830000
15 0.0002935133548576 56128 6274.8341974331770000
16 0.0003061849357012 224030 22844.1505136487980000
17 0.0002469745616202 8504 992.7532592244364000
18 0.0002872737719046 30000 3320.2969387343164000
19 0.0003018412315122 84134 8755.9292114630860000
20 0.0002917152858810 31842 3384.2232000193303000
21 0.0003161555485299 215440 24935.2715749301750000
22 0.0002758620689655 11716 982.1918381312952000
23 0.0003371544167229 353340 42842.3826020644850000
24 0.0002970002970003 183446 22041.7483410180720000
25 0.0002960331557134 70202 9492.4500049980200000
26 0.0002409058058299 0 0.0000000000000000
27 0.0002835270768358 48544 5584.1779951181770000
28 0.0002772387025229 15842 1878.4816952990022000
29 0.0002685284640172 16168 2280.2010158988910000
30 0.0002808988764045 100840 11329.3102194746550000
31 0.0003026634382567 47768 5068.9814039477630000
32 0.0002391772303277 1892 299.4344184088239400
33 0.0002584647195658 3606 277.9560552247731400
34 0.0002812939521800 46970 5164.7496923872580000
35 0.0002177700348432 0 0.0000000000000000
36 0.0002177700348432 0 0.0000000000000000
37 0.0002177700348432 0 0.0000000000000000
38 0.0002957704821059 96820 12287.9661402095130000
39 0.0003217503217503 95264 9168.1665301572500000
40 0.0003113325031133 99428 10039.2877136026840000
41 0.0003312355084465 289660 33926.9149507262850000
42 0.0003335557038025 308836 33318.8537937118700000
43 0.0002778549597110 6000 513.5717503952970000
44 0.0002932551319648 43536 5167.9282093930400000
45 0.0003133813851457 133284 15691.4173301105670000
46 0.0003169572107765 173372 18412.9927896546140000
47 0.0002688172043011 4868 546.1612006284556000
48 0.0002812148481440 9240 908.7957464353403000
49 0.0003099814011159 163838 17586.2709193025370000
50 0.0003129890453834 59082 4999.6264617212990000
51 0.0003019323671498 93624 11357.2701080803500000
52 0.0003297065611606 245508 29355.9333429909300000
53 0.0002515723270440 520 23.3970136954873350
54 0.0003238341968912 156086 17411.6890239826430000
55 0.0002862868594332 23310 2430.0516677117826000
56 0.0003055300947143 105820 10053.3382109252830000
57 0.0002882675122514 89466 11027.0800076278770000
58 0.0003044140030441 190026 24827.7656088483130000
59 0.0002803476310625 58618 8051.5928446215240000
60 0.0002338634237605 692 75.6990869606308500
61 0.0002520796571717 22936 3137.0416200828180000
62 0.0003020235578375 88162 9736.2534588963140000
63 0.0002534854245881 7938 856.6734141528308000
64 0.0002761668047501 30264 2649.5978200301015000
65 0.0002581311306144 62006 8019.8872306877340000
66 0.0002788622420524 11612 1507.7396231115300000
67 0.0002621919244887 50820 6699.1207645788960000
68 0.0002668089647812 17032 1663.3267630903783000
69 0.0002942907592702 139046 20592.4588161652250000
70 0.0002920560747664 91720 10960.2071718223410000
71 0.0002824060999718 29874 3682.6628948222424000
72 0.0003018412315122 165218 23395.7329501650350000
73 0.0002896032435563 66640 9154.4404170867780000
74 0.0003055300947143 92948 11534.5383151964690000
75 0.0002634351949420 37636 4887.2819844194840000
76 0.0003306878306878 318030 38559.1959936907150000
77 0.0002690341673393 8620 937.0808110515553000
78 0.0002705627705628 29862 3845.2671773908190000
79 0.0002717391304348 20146 2290.0917344289214000
80 0.0003034901365706 118504 14827.1116405057150000
81 0.0003133813851457 111620 12299.2585851158900000
82 0.0002990430622010 91040 11506.5278543040200000
83 0.0002536139994928 2750 213.4193538534341300
84 0.0002865329512894 20102 1452.0718886928967000
85 0.0002718129926610 34412 3541.9129005347495000
86 0.0002807411566536 18522 1900.2835592127240000
87 0.0002744237102086 4764 475.2023340826928000
88 0.0002600780234070 14682 1818.2704676467079000
89 0.0002512562814070 5460 686.4763363105677000
90 0.0002767783005812 85560 11406.5375511626120000
91 0.0002757099531293 45658 6327.3825820783620000
92 0.0002643404705260 56034 8269.4335146185200000
93 0.0002577319587629 64438 7779.6472717230410000
94 0.0002969121140143 74022 8667.5543405211940000
95 0.0002483854942871 2120 206.8524008655902800
96 0.0002480158730159 9504 1079.5585184319448000
97 0.0002523977788995 416 29.8189838433272500
98 0.0002349072116514 18936 2906.1634140765127000
99 0.0002582644628099 3796 371.3614393898514500
100 0.0002345215759850 954 91.5831233002051900
101 0.0002808988764045 39132 5309.0445661333860000
102 0.0002303086135421 826 161.5977292626634200
103 0.0002589331952356 6282 937.4581668033235000
104 0.0002988643156007 37376 3785.7468542739780000
105 0.0003341129301704 461230 47282.7820470413800000
106 0.0002957704821059 153742 19282.0515534450060000
107 0.0002876869965478 43612 5264.8141610495730000
108 0.0002518891687657 2366 181.4209580379826700
109 0.0002278423331055 0 0.0000000000000000
110 0.0002595380223203 6766 512.9381945109068000
111 0.0002183882943874 0 0.0000000000000000
112 0.0002861230329041 63706 7756.4904603689740000
113 0.0002760143527463 16878 1823.3500893963328000
114 0.0002392344497608 2044 145.4371748484575700
115 0.0002675943270003 40208 5814.2668493190800000
116 0.0003045066991474 151952 17063.4162493849000000
117 0.0002849814762040 34232 4183.5297532300730000
118 0.0002402691013936 31928 3625.8536859435517000
119 0.0002598752598753 8628 730.9170647278462000
120 0.0002917152858810 117948 13215.6815437311380000
121 0.0002447381302007 6132 497.4532002648001600
122 0.0002849002849003 36828 4537.7025581795015000
123 0.0002373042240152 134 8.7231489139941090
124 0.0002903600464576 52914 6569.5516158060880000
125 0.0002824858757062 22180 2428.2664354410476000
126 0.0002376425855513 8542 1090.9026753761043000
127 0.0002637130801688 15340 1419.0649708223502000
128 0.0003134796238245 139376 13534.0119482361440000
129 0.0002576655501159 2548 229.3684468366221600
130 0.0002619858527640 13914 1450.3502923798787000
131 0.0002888503755055 63956 9319.8123234391820000
132 0.0002686727565825 17184 2573.1448898587764000
133 0.0002924831822170 33534 3570.2410396148207000
134 0.0003217503217503 198152 24189.2492916624720000
135 0.0003267973856209 250004 34906.4801261544000000
136 0.0002675943270003 60424 9962.9775403247420000
137 0.0003225806451613 192308 20957.2903899024280000
138 0.0002480774001488 398 27.2522979261983900
139 0.0002298322224776 0 0.0000000000000000
140 0.0003062787136294 133228 16031.0274144597080000
141 0.0002503755633450 2584 239.0040449329330000
142 0.0002959455460195 54022 6407.3663739165800000
143 0.0002892681515765 81900 9346.0782396211900000
144 0.0002336994624912 16060 2102.3018028015276000
145 0.0002840909090909 31910 3250.7412733016267000
146 0.0002885170225043 55098 5812.6528954837720000
147 0.0002912904165453 62098 7951.7302063975770000
148 0.0002818489289741 20350 2077.0370446081680000
149 0.0002606882168926 8896 754.7667126175886000
150 0.0002934272300469 39940 3821.4072848714200000
151 0.0002397506593143 326 20.9724673007730200
152 0.0002704164413196 65456 7193.3690947092930000
153 0.0002614379084967 15288 1659.4408204296940000
154 0.0002473410833539 624 55.7433582000411100
155 0.0002949852507375 34294 3794.2146637525066000
156 0.0002633658151172 4036 461.0415557765948000
157 0.0002929973630237 29486 3634.9137148596560000
158 0.0002609603340292 36876 5610.0678098672030000
159 0.0002447381302007 1956 209.2127163896937800
160 0.0002341372044018 30250 4922.9186138227890000
161 0.0002649006622517 9944 906.2734209220841000
162 0.0002590673575130 10838 1025.7960369784855000
163 0.0002636435539151 24628 3402.1691611079190000
164 0.0002508780732564 5942 755.6393094321239000
165 0.0002529084471421 8230 940.5231976248396000
166 0.0002488800398208 4372 422.8800737046968000
167 0.0002596728122566 5208 448.2381689904040000
168 0.0002699055330634 18894 1915.6996251054713000
169 0.0002377555872563 1300 78.3322291441408100
170 0.0002411963338157 2766 274.1959782703677000
171 0.0002335357309668 1398 185.9807562214516000
172 0.0002336994624912 724 47.6405837973293060
173 0.0002198768689534 0 0.0000000000000000
174 0.0002364066193853 472 22.0563127526708000
175 0.0002151462994836 0 0.0000000000000000
176 0.0002788622420524 35304 3632.3587455838338000
177 0.0002370229912301 536 40.4011598311339740
178 0.0002396357536544 3428 487.0497919881669300
179 0.0002396931927133 1782 158.4466477285813500
180 0.0002362948960302 722 49.7674608438179150
181 0.0002644103648863 13292 1516.6047009001877000
182 0.0003005710850616 123016 13978.5057901269340000
183 0.0003078817733990 185806 24839.2067920162740000
184 0.0002744990392534 13892 1471.4802847548435000
185 0.0003045994517210 105474 11349.6056425014540000
186 0.0002840102243681 56830 8761.2658353802500000
187 0.0002719608376394 9844 1257.7816861660074000
188 0.0002685284640172 26336 3696.0623586368256000
189 0.0002774694783574 43232 4545.2415366231660000
190 0.0002619858527640 2638 182.3364797532985000
191 0.0002821670428894 26808 2511.1541291119640000
192 0.0002696144513346 24680 2937.0310181499690000
193 0.0002721829069134 32176 2945.9222453410590000
194 0.0002926543751829 45592 4288.9541489617990000
195 0.0002500625156289 9096 1231.4992324715827000
196 0.0003162555344719 229466 25335.3994299557300000
197 0.0002624671916010 24752 2828.0041113923344000
198 0.0002821670428894 69120 6505.3311152947750000
199 0.0002637130801688 35518 4402.3724456745500000
200 0.0002923121894183 67828 7771.2914350595140000
201 0.0002937720329025 59694 5495.5044651111480000
202 0.0002779321845470 19716 2066.9672916406353000
203 0.0002899391127863 41424 4571.6665287402175000
204 0.0003035822707954 130698 12951.4305892769640000
205 0.0002775464890369 56570 4321.9231776221640000
206 0.0002976190476190 72704 6318.2174968303370000
207 0.0002726281352236 15346 1089.0085899975027000
208 0.0002609603340292 9798 857.1541524211434000
209 0.0002526528549773 2170 177.4749715308427000
210 0.0003003003003003 65000 5872.2501393055390000
211 0.0002694691457828 20836 2289.9556152249274000
212 0.0002730748225014 61586 7915.3537680466790000
213 0.0002866972477064 72070 8528.3588934210860000
214 0.0002990430622010 49328 4004.8041384082944000
215 0.0002645502645503 20044 1629.7257646927276000
216 0.0002676659528908 24890 1808.5747148462320000
217 0.0002824060999718 26182 2646.2453035335320000
218 0.0002860411899314 69474 7145.8951497552725000
219 0.0002739726027397 84198 10403.2857079353940000
220 0.0002518257365903 3212 383.2250349321584000
221 0.0002469135802469 6234 650.5954829060142000
222 0.0002506893958386 56510 5039.9516940517950000
223 0.0002546473134708 19612 2999.4820064863347000
224 0.0002497502497502 10698 1408.2122509876503000
225 0.0002109704641350 474 43.4857376225639740
226 0.0002242655303880 316 37.1715835100103860
227 0.0003081664098613 53928 6529.0586896361150000
228 0.0002780094523214 17576 1838.3663430995277000
229 0.0002482621648461 1296 96.0271436562507300
230 0.0002787068004459 27930 3050.5480319272400000
231 0.0002837684449489 20200 2213.5075361479410000
232 0.0002278423331055 0 0.0000000000000000
233 0.0003298153034301 292966 35485.8933662818600000
234 0.0002621231979030 7876 862.1266482897843000
235 0.0002773155851359 24096 2743.8182593445470000
236 0.0002566076469079 650 59.8598840894308900
237 0.0003108486167237 133334 18895.7000586704130000
238 0.0002866972477064 69150 8310.2459661110480000
239 0.0002963841138115 66484 8214.7960601850880000
240 0.0002816108138553 33216 4168.9517552536990000
241 0.0003171582619727 117410 12447.8791224507710000
242 0.0002505637684791 11418 1872.0219527671472000
243 0.0003054367745877 112714 13161.2842719687120000
244 0.0002627430373095 19270 3193.1621176740930000
245 0.0002794076557698 5308 394.9503867439981000
246 0.0002816901408451 7868 704.6106375005460000
247 0.0002511931675458 0 0.0000000000000000
248 0.0002830455703368 30960 4000.7606766976087000
249 0.0002379819133746 468 45.2721233139490200
250 0.0002815315315315 11764 1217.2739539766028000
251 0.0002828054298643 22350 2355.6529442343240000
252 0.0002589331952356 7180 912.8223784596911000
253 0.0002328830926875 0 0.0000000000000000
254 0.0002923976608187 21822 2309.4673933239430000
255 0.0002963841138115 77172 9745.3916949214290000
256 0.0002667377967458 43100 6280.3536606113885000
257 0.0002744990392534 29710 3910.4335780789665000
258 0.0002495009980040 1090 119.7230251690772900
259 0.0002912055911474 32952 3713.2656180240680000
260 0.0002711496746204 31552 4469.4087717757430000
261 0.0002328830926875 0 0.0000000000000000
262 0.0002612330198537 1518 151.0120592123323000
263 0.0002775464890369 13736 1231.4417763136928000
264 0.0002576655501159 9742 851.3539050033608000
265 0.0002653927813163 17094 2428.0322760121410000
266 0.0002599428125812 4014 393.4671642501864000
267 0.0002835270768358 59986 7207.2930132038160000
268 0.0002955956251847 60696 6690.3234712335990000
269 0.0003119151590767 123318 15851.5734241000120000
270 0.0002840909090909 64974 9986.7137248117430000
271 0.0003034901365706 82568 9825.3739662847130000
272 0.0002555583950933 852 78.2763917070969900
273 0.0002596053997923 17036 2649.2764331828284000
274 0.0002904443799012 68616 6587.3537610575600000
275 0.0002805049088359 18754 2169.8337302668790000
276 0.0002832861189802 38728 4742.5415405182500000
277 0.0002644103648863 20042 2968.4341956665520000
278 0.0002675227394329 25624 2895.4800943172790000
279 0.0002688894864211 14268 1670.4189049575564000
280 0.0002715177844149 13124 1514.7419876067231000
281 0.0002529724260056 1258 174.5993950509635500
282 0.0002897710808461 53340 5726.5426426469850000
283 0.0002572678157962 1482 137.1080826669649500
284 0.0002970885323827 56130 6604.7982360159840000
285 0.0002589331952356 14646 1831.6173623739828000
286 0.0002554931016863 7378 828.3778980489012000
287 0.0002853881278539 97526 14079.6075619575390000
288 0.0002328288707800 268 23.7491872219660400
289 0.0002740476842971 25374 2118.7076663005278000
290 0.0002590673575130 17342 2339.6939543061503000
291 0.0002747252747253 19658 2081.8689110896360000
292 0.0002363507445048 0 0.0000000000000000
293 0.0002766251728907 12078 1061.7613953725393000
294 0.0002223210315696 0 0.0000000000000000
295 0.0002375861249703 1790 155.7354439412428000
296 0.0002510670348983 4996 578.0539136109237000
297 0.0002545824847251 17950 2616.5782029870647000
298 0.0002534211860112 8078 1173.7949407523870000
299 0.0003007518796992 82520 9113.3610778614710000
300 0.0002704164413196 8406 1089.8690677763743000
301 0.0002542588354945 9232 1115.7382252366070000
302 0.0002360160490913 1222 172.9818650023864000
303 0.0002910360884750 72678 8391.8208187597720000
304 0.0002363507445048 14786 2297.1353957037777000
305 0.0002865329512894 30210 3376.9026712940460000
306 0.0002704164413196 32992 4926.4629826857530000
307 0.0002658867322521 21136 2840.0908453422994000
308 0.0002808199943836 53214 6872.1355355493300000
309 0.0002366303833412 1260 163.7776715236111600
310 0.0002201673271686 1396 244.3287255399328600
311 0.0002592688618097 14746 2199.0606768786570000
312 0.0002543881963877 32656 4850.5865773564590000
313 0.0002841716396704 88872 13596.9000943775660000
314 0.0002892681515765 64966 7755.3560680668050000
315 0.0002655337227828 11174 1633.7132798462414000
316 0.0003103662321539 120792 14760.3233936038450000
317 0.0002576655501159 3726 304.9770671414446500
318 0.0002131741632914 0 0.0000000000000000
319 0.0002140410958904 418 34.0470854781379900
320 0.0002334812047630 4072 580.1044566072396000
321 0.0002830455703368 57948 6990.5280185112340000
322 0.0002784739626845 58264 6959.5864602944070000
323 0.0002438429651305 10794 1277.4937617895780000
324 0.0002625360987136 6816 588.3625920279773000
325 0.0002528445006321 1846 132.9119872664036600
326 0.0002202643171806 20332 2393.9528042292013000
327 0.0002826455624647 53570 4887.4826754323040000
328 0.0002512562814070 2424 176.5543710413523400
329 0.0003004807692308 79412 10087.9809716728580000
330 0.0002788622420524 27158 3483.7299813981350000
331 0.0003027550711474 73666 8419.5588941703100000
332 0.0003150598613737 170506 17292.7529616175630000
333 0.0003381805884342 427076 50558.5490581979200000
334 0.0002741979709350 55176 6897.4659590332350000
335 0.0002974419988102 41362 4377.9508265091810000
336 0.0002773155851359 27718 3295.2798331775107000
337 0.0002769315978953 28886 3630.1341431309284000
338 0.0002869440459110 26312 3406.8973178385795000
339 0.0002921413964359 119982 17204.5736852402400000
340 0.0002858776443682 57270 7416.1617831962985000
341 0.0002949852507375 118834 14884.5257322738740000
342 0.0002147766323024 526 49.3811207807590300
343 0.0002392344497608 1010 108.8465166153446400
344 0.0002942907592702 58270 7475.4427929408010000
345 0.0002239641657335 0 0.0000000000000000
346 0.0002707825616030 12190 1599.0908622532468000
347 0.0002480158730159 18086 2273.4994706632892000
348 0.0002520796571717 3686 514.7498481045880000
349 0.0002712967986978 19824 2926.7184612030860000
350 0.0002414292612265 35494 4895.1228665782050000
351 0.0002961208172935 60426 8557.6945963412640000
352 0.0002686727565825 17838 2241.5600215144750000
353 0.0002846569883291 29138 3956.5631580089203000
354 0.0003117206982544 178922 21045.7889716372400000
355 0.0003161555485299 239222 33784.0474059554800000
356 0.0003040437823047 147860 19382.2543665153500000
357 0.0002604166666667 6854 889.0264298962906000
358 0.0002801905295601 34468 3642.5256846112750000
359 0.0002561475409836 3270 356.4958313883225300
360 0.0002455795677800 324 19.2142023851911540
361 0.0002751788662631 19366 1860.9685830925769000
362 0.0002873563218391 42680 5260.0549454572360000
363 0.0002596053997923 9474 864.0594449940911000
364 0.0002820078962211 24004 2562.7922113885420000
365 0.0002662406815761 7162 733.6380599245323000
366 0.0002493765586035 6186 667.3887959383616000
367 0.0003050640634533 129864 17468.7249623606150000
368 0.0002928257686676 55214 6373.0665986199830000
369 0.0002675943270003 12418 1576.0889601495783000
370 0.0002467917077986 7048 976.2616452963603000
371 0.0002786291446085 15684 1371.4878339826410000
372 0.0002953337271116 28172 2825.3125481761235000
373 0.0002837684449489 14130 1384.1617412805800000
374 0.0002409638554217 0 0.0000000000000000
375 0.0002534211860112 2074 177.0523718467543700
376 0.0002856326763782 172646 22603.6284267374720000
377 0.0002688172043011 38072 5827.5869512585020000
378 0.0003256268316509 256858 31884.7435969960640000
379 0.0002513826043238 3466 428.8028353742439000
380 0.0002604845011722 4886 365.5194794499023000
381 0.0002912055911474 41760 4054.7538143071530000
382 0.0002753303964758 37880 5054.7372761161030000
383 0.0002676659528908 5940 502.5331816122310300
384 0.0002921413964359 59760 6611.3176310837010000
385 0.0002656748140276 6876 475.8684140099603000
386 0.0002694691457828 3246 213.9542206635430800
387 0.0002697599136768 14808 1791.5736374151890000
388 0.0002623294858342 9958 1057.0764441424124000
389 0.0002881844380403 59828 6384.4344145678530000
390 0.0002989536621824 85096 8106.5624870757065000
391 0.0002723311546841 44956 5682.9708462887200000
392 0.0002916302128901 50808 6944.6365693884245000
393 0.0002923121894183 82122 9686.0319743645920000
394 0.0002568713074750 314 11.0189399816722130
395 0.0002574665293512 19052 2365.6238690594460000
396 0.0003006614552014 165892 20071.1118092017200000
397 0.0002729257641921 11958 1072.5302858674318000
398 0.0002615746795710 14498 1696.8820347074225000
399 0.0002844950213371 38784 5050.6826943624255000
400 0.0002735229759300 12154 1188.7769377230318000
401 0.0002730748225014 57806 6743.4919704453180000
402 0.0002729257641921 24414 3420.3998989590670000
403 0.0002751031636864 22896 2889.7322813859430000
404 0.0002862049227247 35656 4339.5576108649530000
405 0.0002558199027884 1884 156.7722903859918000
406 0.0002266545784225 444 34.1410729797969500
407 0.0002635740643121 31270 4056.4113091310650000
408 0.0002469135802469 9024 1152.1090364855263000
409 0.0002665245202559 16970 1930.6202088163043000
410 0.0002797985450476 36630 3622.1044942898920000
411 0.0002458814851242 3298 404.0060339965573000
412 0.0002569373072970 6342 503.1884596248805000
413 0.0002871088142406 45662 4822.4512000452805000
414 0.0002835270768358 18360 2063.2046911351050000
415 0.0002872737719046 66782 7875.5124302346585000
416 0.0002689618074233 10410 1122.7416600285524000
417 0.0002525252525253 9222 1056.8033873458703000
418 0.0002635740643121 37734 4753.0325618591910000
419 0.0002510670348983 5004 498.5595379838937300
420 0.0002985965959988 29756 2830.5157100903944000
421 0.0002455192732630 3524 427.7724847878976700
422 0.0002555583950933 5770 644.0068514853599000
423 0.0002632964718273 20908 3224.1711395512210000
424 0.0002313743637205 0 0.0000000000000000
425 0.0002684563758389 17300 2018.0196413539768000
426 0.0002675943270003 2330 144.7541638010616500
427 0.0002617115938236 72630 10709.5684648155640000
428 0.0002473410833539 1072 92.2216222142473500
429 0.0003100775193798 210168 30457.3975732567700000
430 0.0002571355104140 14132 1580.2276080925958000
431 0.0002752546105147 29998 3429.3758842364077000
432 0.0002547770700637 28512 4056.9472835989177000
433 0.0002590002590003 13598 1819.0702313427705000
434 0.0002952465308533 112070 13555.7002570923670000
435 0.0002541942043721 2492 259.2379429683032300
436 0.0002373042240152 298 21.8238753756806400
437 0.0002635740643121 2018 159.1926395237473700
438 0.0002724053391446 17098 1802.5166929927007000
439 0.0002925687536571 51138 5252.1883778912670000
440 0.0002467917077986 1862 258.5333197321786000
441 0.0002562131693569 23710 3154.2655550688423000
442 0.0002383222116301 0 0.0000000000000000
443 0.0002788622420524 26176 3334.6588519088473000
444 0.0002800336040325 15250 1956.6516974543700000
445 0.0002639915522703 8898 1265.2603295104989000
446 0.0002865329512894 47130 4794.8000455394770000
447 0.0002590002590003 18074 1990.4346565839464000
448 0.0002476473501734 252 15.4402633028680470
449 0.0002298322224776 230 29.3366647329691870
450 0.0002331545814875 2640 421.4472494677775000
451 0.0002586652871185 23496 3452.2382974030090000
452 0.0002858776443682 79242 9475.9551720548680000
453 0.0002636435539151 3504 316.2265476631722000
454 0.0002975304968759 158898 21515.9498103048680000
455 0.0002685284640172 8416 862.8906202791521000
456 0.0002602133749675 11112 1291.1589925677536000
457 0.0002871088142406 41866 4599.2672915266790000
458 0.0002794076557698 58158 8712.6046564301870000
459 0.0002572016460905 48812 7466.3276056725650000
460 0.0002805836139169 176372 22213.6168981834000000
461 0.0002472799208704 794 79.3118523724146200
462 0.0002555583950933 22368 3606.9879838417223000
463 0.0002370229912301 0 0.0000000000000000
464 0.0002617115938236 40300 5129.6662404679430000
465 0.0002485089463221 3270 314.7393822647616000
466 0.0002960331557134 71204 8854.8313414333920000
467 0.0002970885323827 68142 7523.6896674654145000
468 0.0003082614056720 184950 24772.1730898903080000
469 0.0002295157218269 1326 94.5118482259966200
470 0.0002939447383892 65526 8445.0404608279400000
471 0.0002523340903356 16408 1782.2583186111830000
472 0.0002678810608090 10946 845.4846516500273000
473 0.0002427773731488 0 0.0000000000000000
474 0.0002388915432394 164 11.0218783540106920
475 0.0002595380223203 21810 2313.0056753069290000
476 0.0002480774001488 13048 1879.3415224292120000
477 0.0002392916965781 12092 1316.6266720168820000
478 0.0002347417840376 230 10.1357945445304250
479 0.0002492522432702 6036 817.8027278573072000
480 0.0002600104004160 21572 3307.8939705637160000
481 0.0002675227394329 33362 3925.9350419645510000
482 0.0002302555836979 1878 202.3384545804317400
483 0.0002547121752420 83012 10760.9328739818600000
484 0.0002687449610320 36574 4498.3419952232470000
485 0.0002490660024907 11400 1302.7652874484586000
486 0.0002456398919184 21808 2366.1717741320290000
487 0.0002599428125812 36666 4532.5940747281475000
488 0.0002264492753623 0 0.0000000000000000
489 0.0002864508736752 59504 7908.8376670023970000
490 0.0002323420074349 980 115.7269702106721000
491 0.0002480774001488 12616 1861.2346089284772000
492 0.0002395209580838 844 122.3626109246425200
493 0.0002264492753623 0 0.0000000000000000
494 0.0002264492753623 0 0.0000000000000000
495 0.0002725538293813 58538 7672.8651175474315000
496 0.0002154708037061 1690 189.3898631060026500
497 0.0002306273062731 1180 143.1741332620580000
498 0.0002241649854293 9542 1631.2925641778006000
499 0.0002376425855513 11592 2170.9157087525630000
500 0.0002696144513346 34308 4515.4652486336430000
501 0.0002797985450476 40764 6163.3184685032420000
502 0.0001961553550412 0 0.0000000000000000
503 0.0002809778027536 24638 2424.9939435051890000
504 0.0002964719833976 84768 9598.9449174989680000
505 0.0002701242571583 8548 833.4479408602924000
506 0.0002352941176471 1730 188.7242848284513500
507 0.0002683123155353 42008 6218.6367369369920000
508 0.0002424242424242 8204 1203.7836666244918000
509 0.0002429543245870 7372 1107.0767019550901000
510 0.0002457002457002 1682 108.0324755052213300
511 0.0002412545235223 1654 135.2162052702262300
512 0.0002611647949856 47886 7007.1802627030070000
513 0.0002683843263553 29764 2979.4444589184723000
514 0.0001998800719568 18216 2262.0000000000000000
515 0.0002465483234714 8290 1148.9236089934350000
516 0.0002022244691608 0 0.0000000000000000
517 0.0002399808015359 12906 2212.6539611707362000
518 0.0002649708532061 26608 3424.5434420507460000
519 0.0002022244691608 0 0.0000000000000000
520 0.0002598077422707 3112 268.4832070642825000
521 0.0002662406815761 17130 2725.4890091963866000
522 0.0002333722287048 1904 203.9436757199844000
523 0.0002574002574003 18048 2628.4533357825394000
524 0.0002644802962179 3342 363.2696848685381500
525 0.0002209944751381 0 0.0000000000000000
526 0.0002207992934423 0 0.0000000000000000
527 0.0002398656752219 7572 1057.7992828265772000
528 0.0002512562814070 6884 1025.5554087088412000
529 0.0002355157795572 2430 432.7790572994020000
530 0.0002231644722160 1088 176.4565070058289700
531 0.0002219755826859 468 59.9140322587089860
532 0.0003023888720895 88822 11766.5184636227620000
533 0.0002408477842004 7298 1424.6163632777918000
534 0.0002570033410434 1900 141.0888414229930800
535 0.0002364625206905 16408 2275.1080925169163000
536 0.0002404424140418 824 88.9386499667414400
537 0.0002292000916800 0 0.0000000000000000
538 0.0002601456815817 23106 3193.0558591169200000
539 0.0002371916508539 684 111.5428143753838600
540 0.0002557544757033 4606 603.8863462301775000
541 0.0002560819462228 7206 940.4162586599700000
542 0.0002728512960437 16510 1780.2108655539978000
543 0.0002985074626866 70000 9050.2618486249830000
544 0.0002314814814815 160 15.0991492019082520
545 0.0002958579881657 50822 5878.8347940935630000
546 0.0002501250625313 14694 2479.8633429359960000
547 0.0002391772303277 982 116.6102159226184500
548 0.0002357378595002 658 63.6321092398372560
549 0.0002898550724638 73468 10691.0674391703650000
550 0.0002270663033606 0 0.0000000000000000
551 0.0002614379084967 5118 622.1337846653171000
552 0.0002821670428894 39638 4022.7671254663255000
553 0.0002592688618097 10832 1526.7673017832653000
554 0.0002838489923361 84348 10282.8905669862000000
555 0.0002680246582686 38606 6142.4351229111035000
556 0.0002261931689663 744 86.0504912824260700
557 0.0002295157218269 802 70.3329042635645600
558 0.0002645502645503 34474 4677.6007079986700000
559 0.0002359603586597 2558 234.7888936252334700
560 0.0002218278615794 15044 2360.3472622965346000
561 0.0002121790791428 3842 663.2240155832860000
562 0.0002806623631771 21998 2478.2591240307810000
563 0.0002575991756826 6072 648.8584342494956000
564 0.0002991325157045 205912 25464.4326560394840000
565 0.0002747252747253 29934 4191.4353311852110000
566 0.0002494387627837 2992 471.3213680788562000
567 0.0002511931675458 344 30.0063162433177160
568 0.0002891844997108 55230 6836.1555431539150000
569 0.0002619858527640 12134 1396.8801524386486000
570 0.0002458814851242 720 61.4906109054712800
571 0.0002708559046587 14024 1541.5311561581993000
572 0.0002608242044862 17298 2505.3433503501556000
573 0.0002885170225043 59784 5887.0544426562790000
574 0.0002553626149132 2870 286.3389331402814000
575 0.0002071680132588 0 0.0000000000000000
576 0.0002385496183206 1552 208.9421943973318000
577 0.0002303616678185 96 8.9446101584791220
578 0.0003178639542276 283744 40401.6976851299700000
579 0.0002425418384671 2084 275.4591410336448000
580 0.0002359603586597 512 56.3004108168008500
581 0.0002556237218814 3746 472.6271771007492400
582 0.0002406738868833 4956 665.4331590094503000
583 0.0002259376412110 0 0.0000000000000000
584 0.0002561475409836 20258 2052.1506530847150000
585 0.0002908667830134 52806 6016.3032924685090000
586 0.0002770850651150 15174 2348.6059211908146000
587 0.0002393489707994 14438 2495.1900474885840000
588 0.0002941176470588 112224 14635.8038849483800000
589 0.0002394636015326 532 74.3191088304217300
590 0.0002724795640327 46926 4892.4552551625210000
591 0.0002752546105147 30716 2991.3985500428600000
592 0.0002526528549773 31758 3765.0413989427043000
593 0.0002461841457410 31614 3982.4401449435227000
594 0.0002522704339051 12404 969.6336647589665000
595 0.0002414875633905 2142 205.5566718547889600
596 0.0002510670348983 3778 345.8330691698803300
597 0.0002328830926875 0 0.0000000000000000
598 0.0002706359945873 69586 10333.8004540796940000
599 0.0002466699555994 5600 502.9611241782672600
600 0.0002354048964218 2814 338.3121312395836000
601 0.0002227171492205 1790 298.9466877182989000
602 0.0002407318247472 4320 412.9766400058375000
603 0.0002738975623117 35528 5374.3114005627650000
604 0.0002625360987136 8904 898.2963025296951000
605 0.0002246686137947 852 127.4328075093144700
606 0.0002579979360165 6394 601.5601058632991000
607 0.0002701972439881 32372 4223.7947705489600000
608 0.0002368545712932 4418 548.3018026888332000
609 0.0002220741727737 1478 216.2434557560012000
610 0.0002399808015359 22684 3721.0141333025426000
611 0.0002583311805735 7830 1351.8327723666873000
612 0.0002523340903356 92604 13818.0525087819500000
613 0.0002222222222222 2252 335.2655405938096000
614 0.0002509410288582 3872 515.6600345541057000
615 0.0002101723413199 0 0.0000000000000000
616 0.0002035002035002 0 0.0000000000000000
617 0.0002443195699976 14556 2457.4309692765773000
618 0.0002035002035002 0 0.0000000000000000
619 0.0002035002035002 0 0.0000000000000000
620 0.0002339728591483 1296 191.1898727935274300
621 0.0002393489707994 2804 393.6402680512737000
622 0.0002349072116514 1486 97.4811239752552200
623 0.0002355712603062 1290 133.0324660348351000
624 0.0002466091245376 1690 217.4644288533900000
625 0.0002518257365903 4614 381.6248699836191300
626 0.0002085070892410 60 5.2473562354552140
627 0.0002085940759282 384 81.0720681902253500
628 0.0001995609658751 0 0.0000000000000000
629 0.0002365184484390 26290 2436.5979034372003000
630 0.0002379252914585 914 105.5797900335738900
631 0.0002403268445085 0 0.0000000000000000
632 0.0002603488674824 9162 1417.5131098027728000
633 0.0002764722145424 14468 1814.4676739499241000
634 0.0002328830926875 6164 790.2351662056923000
635 0.0001855976243504 0 0.0000000000000000
636 0.0002297266253159 7294 1263.6164592089280000
637 0.0002131741632914 0 0.0000000000000000
638 0.0002572016460905 4728 637.7178946049905000
639 0.0002226179875334 186 26.2613967511700470
640 0.0002376425855513 2194 195.6950203275742700
641 0.0002691790040377 6164 465.5932253997194000
642 0.0002597402597403 2022 146.6064086108205500
643 0.0002520796571717 1384 176.4048524749940000
644 0.0002424830261882 0 0.0000000000000000
645 0.0002463054187192 0 0.0000000000000000
646 0.0002489419965148 1970 225.6611423460720400
647 0.0002532286654849 5648 468.6841000400234500
648 0.0002675227394329 11322 1033.8736060341082000
649 0.0002830455703368 34084 4247.8134198304140000
650 0.0002650410813676 12576 944.3096843878947000
651 0.0002472187886279 5006 869.3476219578947000
652 0.0002366863905325 0 0.0000000000000000
653 0.0002228163992870 256 27.0210007576821740
654 0.0002681684097613 15896 1890.8450895840742000
655 0.0002327746741155 0 0.0000000000000000
656 0.0002626740215393 6990 709.5900235712168000
657 0.0002499375156211 15428 2047.7007575517976000
658 0.0002642706131078 59524 9713.4768350567880000
659 0.0002632964718273 10086 1469.5273563787955000
660 0.0002884338044419 73906 9900.7326498951620000
661 0.0002582644628099 29856 4215.7099803863240000
662 0.0002732987154960 12042 1489.1060040712491000
663 0.0002653927813163 18396 2583.1238993078260000
664 0.0002318034306908 17236 2261.9999999999995000
665 0.0002239140170175 898 144.7414909006699000
666 0.0002495632642875 1272 132.4150075802467000
667 0.0002170609941394 0 0.0000000000000000
668 0.0002495009980040 7970 934.7896657704669000
669 0.0002258866049243 486 31.8962489402130000
670 0.0002161694768699 0 0.0000000000000000
671 0.0002637826431021 25972 4197.2771771657180000
672 0.0002534211860112 1776 166.5553932634842000
673 0.0002332089552239 542 76.9145710193414400
674 0.0002112378538234 0 0.0000000000000000
675 0.0002452182442374 9860 1127.9214346469744000
676 0.0002416626389560 36 2.6301308827624617
677 0.0002796420581655 17616 2097.1799636944330000
678 0.0002438429651305 1870 259.6797540036266000
679 0.0002265005662514 0 0.0000000000000000
680 0.0002539360081260 14624 2357.6926851116996000
681 0.0002278423331055 1850 233.4073516490249200
682 0.0002251238181000 298 43.4451859363495100
683 0.0001944768572540 0 0.0000000000000000
684 0.0001977066034006 130 20.4909136326505530
685 0.0002193463478833 0 0.0000000000000000
686 0.0002334812047630 298 25.5257810829984170
687 0.0002943773918163 82580 13328.3815756459030000
688 0.0002604166666667 5078 542.5784317035359000
689 0.0002354603249352 948 105.0930062234304600
690 0.0002185792349727 0 0.0000000000000000
691 0.0002808988764045 32580 4400.1363713434060000
692 0.0002753303964758 15312 1737.4922675873090000
693 0.0002612330198537 10262 1672.0456735287157000
694 0.0002546473134708 21104 2852.2579850331120000
695 0.0002566735112936 8676 643.7424271096543000
696 0.0002280501710376 202 15.5437540726911370
697 0.0002504382669672 5938 678.5922162398781000
698 0.0002651113467656 31460 4062.5680612293345000
699 0.0002326122354036 13508 1754.3344116368376000
700 0.0002538715410003 12078 1679.4507933884386000
701 0.0002529084471421 30544 5201.4966116218770000
702 0.0002554278416347 1076 126.6614587877659500
703 0.0002399232245681 1816 270.6445475370790600
704 0.0002627430373095 8046 1111.1276820289334000
705 0.0002769315978953 22282 3009.4901843656390000
706 0.0002547770700637 31786 3767.7381779666020000
707 0.0002638522427441 11462 1488.8936343240102000
708 0.0002495632642875 1980 160.4814324550970400
709 0.0002670226969292 38454 3748.4334228652383000
710 0.0002483854942871 23526 3358.4368071691592000
711 0.0002836074872377 52716 7074.4454018558690000
712 0.0002535496957404 4412 646.3908820672334000
713 0.0002541942043721 392 21.3943291918784800
714 0.0002392916965781 13728 2542.3306113735152000
715 0.0002673082063619 10158 1417.2533199986676000
716 0.0002193944712593 492 63.1263502681772000
717 0.0002054231717338 0 0.0000000000000000
718 0.0002392916965781 3324 602.9631993304191000
719 0.0002433682161110 1668 164.8377585025475300
720 0.0002465483234714 1490 113.7491764579574300
721 0.0002480158730159 4896 520.5545555582667000
722 0.0002274795268426 0 0.0000000000000000
723 0.0002360717658168 1442 111.6050151086311500
724 0.0002718129926610 59474 6838.9279761822490000
725 0.0002731494127288 55698 6427.3903340452710000
726 0.0002665245202559 18208 2071.6447402035500000
727 0.0002382654276864 332 36.8104926670874300
728 0.0002230649118894 2212 263.9066630102753000
729 0.0002631578947368 7160 703.9409019333697000
730 0.0002713704206242 28604 3201.2536707785357000
731 0.0002277904328018 5312 770.5136373896620000
732 0.0001996406468357 26 4.6913056835637486
733 0.0001996406468357 26 4.6913056835637486
734 0.0002242655303880 2026 436.1103174069129000
735 0.0002198768689534 0 0.0000000000000000
736 0.0002419549963707 1992 176.0830015089942200
737 0.0002281542322610 3020 440.9009635594509000
738 0.0002245677071637 1254 186.3551524497875700
739 0.0002239641657335 0 0.0000000000000000
740 0.0002070822116380 0 0.0000000000000000
741 0.0002463054187192 4656 695.3802843262490000
742 0.0002420135527590 6260 844.0843409677688000
743 0.0002613012803763 13922 1581.5994519938488000
744 0.0002446782481037 4766 489.2784289578479500
745 0.0002457606291472 8386 853.4071018047732000
746 0.0002288329519451 932 52.7974640919731900
747 0.0002446183953033 252 10.9658746724294720
748 0.0002433682161110 13252 1494.5321948172390000
749 0.0002402691013936 840 115.7041089393797400
750 0.0002644802962179 10448 1264.6460022574722000
751 0.0002014910336490 0 0.0000000000000000
752 0.0002218770800976 304 33.2559604526597700
753 0.0002429543245870 3200 308.3332888113347400
754 0.0002181500872600 290 47.7476610540858960
755 0.0002320185614849 3438 541.4868212817290000
756 0.0002627430373095 12692 1263.4528965811180000
757 0.0002396357536544 35604 4999.4858068600715000
758 0.0001851166234728 0 0.0000000000000000
759 0.0001851166234728 0 0.0000000000000000
760 0.0002030869212023 0 0.0000000000000000
761 0.0002488181139587 7438 1025.4363730209270000
762 0.0002430724355858 1452 124.6743043581725300
763 0.0002243158366981 0 0.0000000000000000
764 0.0002314279102060 9508 1580.5958506363718000
765 0.0002622606871230 35284 5722.4710969980840000
766 0.0002310002310002 976 117.5065528354809000
767 0.0002603488674824 3680 427.9026594608514000
768 0.0002150537634409 13460 2262.0000000000000000
769 0.0002543234994914 5712 751.2175263009159000
770 0.0002387774594078 3302 368.6072089185007600
771 0.0002167786689790 14458 2282.9174284313067000
772 0.0002401536983670 1164 150.9037306043274000
773 0.0002339728591483 2336 338.9536053877584000
774 0.0002220741727737 1232 205.4710475177073000
775 0.0002828854314003 63358 7874.5958955454890000
776 0.0002253267237494 258 21.2013896812187750
777 0.0002380952380952 0 0.0000000000000000
778 0.0002251745102454 340 42.7203788462326060
779 0.0002329373398556 0 0.0000000000000000
780 0.0002503755633450 4916 369.3393031968979000
781 0.0002442002442002 210 10.2882891150821600
782 0.0002023881805303 0 0.0000000000000000
783 0.0002426595486532 6896 857.3972346798073000
784 0.0002413709872073 5882 730.3399550859581000
785 0.0002031281738777 0 0.0000000000000000
786 0.0002393489707994 2908 238.8547532576562300
787 0.0002278942570647 240 27.7138104030380750
788 0.0002517623363545 3748 480.3461883267461000
789 0.0002183406113537 0 0.0000000000000000
790 0.0002386065378191 934 91.2336663735142000
791 0.0002259887005650 0 0.0000000000000000
792 0.0002341372044018 272 16.6910785586031300
793 0.0002338087444470 15008 2156.2968504766740000
794 0.0002281542322610 900 106.8426894785375100
795 0.0002429543245870 11766 2006.0320143652411000
796 0.0002394636015326 720 80.7401120522816600
797 0.0002236636099307 188 15.5173751063186580
798 0.0002252759630547 432 32.2627288255622800
799 0.0002162162162162 424 50.6249205305915200
800 0.0002091612633340 0 0.0000000000000000
801 0.0002167316861725 0 0.0000000000000000
802 0.0002332633543270 17648 2388.1764319474570000
803 0.0001953125000000 0 0.0000000000000000
804 0.0001953125000000 0 0.0000000000000000
805 0.0001977066034006 0 0.0000000000000000
806 0.0002253267237494 4638 677.2596799844893000
807 0.0002287805994052 2046 289.8353030974112700
808 0.0002396931927133 11984 1325.0010849121243000
809 0.0002490660024907 7592 912.2407815426657000
810 0.0002476473501734 992 121.5723086499101800
811 0.0002630194634403 10890 1771.0069959856178000
812 0.0002519526329050 7002 1035.5164030094852000
813 0.0002466699555994 0 0.0000000000000000
814 0.0002410219329959 1250 120.5482457813919000
815 0.0002452783909738 574 39.2072539143915600
816 0.0002608922515001 17594 2014.2017928430550000
817 0.0002494387627837 2340 314.8050953981748400
818 0.0002305741295827 1552 267.5793346154326000
819 0.0002492522432702 9394 1401.3851743480786000
820 0.0002326122354036 432 55.2105266551784200
821 0.0002501250625313 5400 782.6517295409409000
822 0.0002470966147764 10014 1728.7650579336284000
823 0.0002196836555360 66 5.9029198444911275
824 0.0002476473501734 29158 3589.9509164784050000
825 0.0002329373398556 1582 208.0940075314818500
826 0.0002345765892564 210 14.6199388458888780
827 0.0002586652871185 508 35.6837931919551040
828 0.0002015316404676 234 25.6727229032914370
829 0.0002462447672987 706 88.8221202948056400
830 0.0002270147559591 0 0.0000000000000000
831 0.0002539360081260 4034 592.9756229914780000
832 0.0002025521571805 0 0.0000000000000000
833 0.0002539360081260 8374 999.1274726498295000
834 0.0002403846153846 15820 2336.8925798105465000
835 0.0002255299954894 196 25.8611072257544730
836 0.0002624671916010 61222 8606.8153944060720000
837 0.0002255299954894 2082 251.6534646948848000
838 0.0002506893958386 2086 194.5219610327576200
839 0.0002310536044362 0 0.0000000000000000
840 0.0002439619419371 7256 1118.3425075794810000
841 0.0002234636871508 216 28.6467771781770800
842 0.0002141327623126 198 33.6295188265840400
843 0.0002094679514034 0 0.0000000000000000
844 0.0002406738868833 1476 214.0650043109828300
845 0.0002075119319361 0 0.0000000000000000
846 0.0002436053593179 3088 435.1950861445339500
847 0.0002276348736626 6080 539.5132009189588000
848 0.0002432498175626 13936 1184.5752540658027000
849 0.0002437835202340 13484 1172.5668495968878000
850 0.0002056766762649 72 14.7130414634572840
851 0.0002287282708143 228 17.3959521682250440
852 0.0002146844139116 0 0.0000000000000000
853 0.0002416626389560 5156 676.3972712610527000
854 0.0002362948960302 718 82.3832285032921700
855 0.0002475247524752 12318 1867.1666072730575000
856 0.0002150075252634 0 0.0000000000000000
857 0.0002150075252634 0 0.0000000000000000
858 0.0002150075252634 0 0.0000000000000000
859 0.0002594706798132 21646 2880.4176408708063000
860 0.0002442598925256 13214 1916.5992244061356000
861 0.0002587322121604 11626 1642.2372439774950000
862 0.0002006823198876 0 0.0000000000000000
863 0.0002186270223000 0 0.0000000000000000
864 0.0002368545712932 1214 178.6084931385398000
865 0.0002165439584236 2366 222.8147219927459400
866 0.0002435460301997 584 100.0227568276518600
867 0.0002035416242622 0 0.0000000000000000
868 0.0002452783909738 12666 1561.4175627535815000
869 0.0002428363283147 7264 791.7645891041190000
870 0.0002651816494299 35450 5084.5105319540020000
871 0.0002269117313365 490 50.0896551126111100
872 0.0002362948960302 4258 547.6687161833357000
873 0.0002157497303128 0 0.0000000000000000
874 0.0002464875523786 14672 2304.0846163666083000
875 0.0002305741295827 1430 204.2862840694315600
876 0.0002157497303128 0 0.0000000000000000
877 0.0002213858755811 274 35.2921001830893200
878 0.0002311070025422 8984 1196.9217523262407000
879 0.0002369106846719 1762 220.3977983150328700
880 0.0002043735949315 12 2.2607370095440085
881 0.0002269632319564 3448 491.5811901219389600
882 0.0002313743637205 2042 312.7474971991516700
883 0.0002192021043402 172 16.3882174812194700
884 0.0002714440825190 25900 3564.4950230340910000
885 0.0002455192732630 1276 121.4964985402056600
886 0.0002461235540241 240 9.4145992348845570
887 0.0002437835202340 0 0.0000000000000000
888 0.0002461235540241 240 9.4145992348845570
889 0.0002424242424242 1798 147.2651804619308700
890 0.0002534211860112 28386 3360.6631415094630000
891 0.0002585983966899 8934 1043.2236604910918000
892 0.0002571355104140 3410 235.2461583901555600
893 0.0002475247524752 206 7.2170310079812150
894 0.0002354603249352 5666 708.5509601722098000
895 0.0002541942043721 12400 1193.8044583012130000
896 0.0002488800398208 11662 1553.6215549101110000
897 0.0001864975755315 0 0.0000000000000000
898 0.0002365184484390 12912 2306.9876303955075000
899 0.0002169668040790 154 24.7854976494313800
900 0.0002222222222222 2228 375.0800924252472400
901 0.0002044153720360 0 0.0000000000000000
902 0.0002388344877000 11406 1301.2197133853645000
903 0.0002170138888889 998 124.6504264387644600
904 0.0002297794117647 4380 545.5229665411023000
905 0.0002490039840637 2500 274.4316054330238300
906 0.0001975503753457 0 0.0000000000000000
907 0.0002270147559591 6258 853.2498122348557000
908 0.0002488800398208 18424 2883.0723743996230000
909 0.0002150537634409 0 0.0000000000000000
910 0.0002242152466368 4336 647.5854025077581000
911 0.0002178174689610 508 101.7065440128967700
912 0.0002467917077986 25542 3622.4951483058640000
913 0.0002297266253159 0 0.0000000000000000
914 0.0002414292612265 158 7.2356702670049176
915 0.0002255808707422 1204 149.1929482236561000
916 0.0002144082332762 0 0.0000000000000000
917 0.0002117746717493 0 0.0000000000000000
918 0.0001763357432552 0 0.0000000000000000
919 0.0002393489707994 12530 2290.7613604952085000
920 0.0002455192732630 2568 158.5669693327977800
921 0.0002530364372470 6218 911.5709051672354000
922 0.0002536783358701 7240 610.9988879553305000
923 0.0002344665885111 6180 860.8508563807503000
924 0.0002228163992870 2012 313.9797250961405600
925 0.0002210921954455 356 52.5182812061202000
926 0.0002226675573369 1092 90.6500522275874200
927 0.0002162629757785 0 0.0000000000000000
928 0.0002332089552239 992 104.9974157893074800
929 0.0002358490566038 884 114.1299662826072300
930 0.0002424242424242 14718 2310.9325191691290000
931 0.0002213858755811 15188 2375.2333917228370000
932 0.0002498126405196 7884 1299.4086550580657000
933 0.0002235636038453 598 80.6158044646676800
934 0.0002160293799957 0 0.0000000000000000
935 0.0002268088001814 4508 517.0958155974268000
936 0.0002275830678198 400 34.2660655436627800
937 0.0002307869836141 360 28.4379983741206070
938 0.0002315886984715 84 5.1628789168294330
939 0.0002207992934423 0 0.0000000000000000
940 0.0002207018318252 830 66.0234113302921800
941 0.0002147305132059 440 38.0041575600838040
942 0.0002294104152329 2916 466.4620286390731000
943 0.0002277385561376 272 19.4339664838804320
944 0.0002301495972382 240 16.7096879832889870
945 0.0002440214738897 2322 162.5288844540201300
946 0.0002373042240152 1138 65.6878906559622400
947 0.0002075980900976 0 0.0000000000000000
948 0.0001896453631709 0 0.0000000000000000
949 0.0001896453631709 0 0.0000000000000000
950 0.0002311070025422 2596 429.1032265635763000
951 0.0002249718785152 0 0.0000000000000000
952 0.0002341372044018 850 97.5513239027486500
953 0.0002545176889794 11618 1786.6695769360285000
954 0.0002467917077986 1984 232.7937245506263000
955 0.0002304678497350 0 0.0000000000000000
956 0.0002328830926875 0 0.0000000000000000
957 0.0002548419979613 11726 1629.7797540234524000
958 0.0002538071065990 17566 2477.2181982628103000
959 0.0002328830926875 0 0.0000000000000000
960 0.0002384358607535 15568 2333.5609138646170000
961 0.0002315886984715 0 0.0000000000000000
962 0.0002380385622471 656 64.5399001838806800
963 0.0002274277916761 720 66.7417445050986500
964 0.0002268088001814 0 0.0000000000000000
965 0.0002466091245376 2684 430.5605359571754000
966 0.0002268088001814 0 0.0000000000000000
967 0.0002197319270490 0 0.0000000000000000
968 0.0002314279102060 10444 1349.3374370734132000
969 0.0002171552660152 0 0.0000000000000000
970 0.0002158894645941 0 0.0000000000000000
971 0.0002158894645941 0 0.0000000000000000
972 0.0002061430632859 0 0.0000000000000000
973 0.0002061430632859 0 0.0000000000000000
974 0.0002400384061450 2294 335.5614938321867000
975 0.0002468526289805 1564 137.9055667554587000
976 0.0002342468962286 7000 992.1836784299192000
977 0.0002099517111064 0 0.0000000000000000
978 0.0002242655303880 272 16.8139973430287770
979 0.0002155636990731 14292 2010.8141333461983000
980 0.0002350176263220 3046 424.8118321857430700
981 0.0002394062724443 17164 2359.9051092758737000
982 0.0002249212775529 180 15.1662512650221950
983 0.0002459419576980 6900 845.6270479618450000
984 0.0002093802345059 0 0.0000000000000000
985 0.0002332633543270 9462 1442.0690405633836000
986 0.0002309468822171 0 0.0000000000000000
987 0.0002232641214557 5744 1018.2580367922849000
988 0.0002206531332745 730 106.1160194479661500
989 0.0002182929491377 214 25.7109028606938570
990 0.0002276867030965 3090 461.2213239342671600
991 0.0002030456852792 0 0.0000000000000000
992 0.0002198768689534 2326 354.2163475395811400
993 0.0002251238181000 0 0.0000000000000000
994 0.0002086375964949 136 13.1790610408853190
995 0.0002450980392157 16480 1691.4170957740603000
996 0.0002428953121205 3328 341.8877009955334000
997 0.0002035002035002 5290 684.5892989041968000
998 0.0002020202020202 14270 2262.0000000000000000
999 0.0002134927412468 0 0.0000000000000000
1000 0.0002019386106624 0 0.0000000000000000
1001 0.0002564760194922 24350 4593.8256487575310000
1002 0.0002402691013936 314 50.5485268263272800
1003 0.0002188662727074 1370 139.9634958145424500
1004 0.0002128112364333 1306 115.5255110534330000
1005 0.0002258355916893 5898 744.5285430754770000
1006 0.0002198285337437 0 0.0000000000000000
1007 0.0002414292612265 1772 220.4021994626781000
1008 0.0002132196162047 904 176.5894659945294600
1009 0.0002371354043159 19558 2931.0795984110982000
1010 0.0002402691013936 2812 401.1041169797155700
1011 0.0002225684397952 2866 463.8754522685012500
1012 0.0002226179875334 0 0.0000000000000000
1013 0.0002248201438849 46 2.8551774611975427
1014 0.0002259887005650 880 130.8938576768355200
1015 0.0002123142250531 0 0.0000000000000000
1016 0.0002248201438849 310 63.7490853438804900
1017 0.0002069964810598 212 20.7856041782695160
1018 0.0001992428770671 0 0.0000000000000000
1019 0.0002091612633340 728 93.6209789617893200
1020 0.0002206531332745 350 51.1943407564373700
1021 0.0002129925452609 0 0.0000000000000000
1022 0.0002189141856392 498 26.8060820914830130
1023 0.0002199252254234 20230 2433.9174636935320000
1024 0.0002213368747233 904 162.8510836171776600
1025 0.0002149613069647 0 0.0000000000000000
1026 0.0002363507445048 4092 285.2015741974773000
1027 0.0002149613069647 0 0.0000000000000000
1028 0.0001982553528945 0 0.0000000000000000
1029 0.0002019386106624 0 0.0000000000000000
1030 0.0002217786648924 0 0.0000000000000000
1031 0.0002234636871508 664 142.9992968153733000
1032 0.0002427184466019 7238 1163.1171825651832000
1033 0.0002285714285714 0 0.0000000000000000
1034 0.0002325581395349 1868 202.1654536360826000
1035 0.0002243158366981 4244 379.6223227266769400
1036 0.0002012072434608 160 13.5360940288915850
1037 0.0002230649118894 318 41.5292076368464500
1038 0.0002305741295827 1586 180.4673763239301000
1039 0.0002098635886674 388 24.9283762718467730
1040 0.0001977456990310 0 0.0000000000000000
1041 0.0002197802197802 0 0.0000000000000000
1042 0.0001977456990310 0 0.0000000000000000
1043 0.0002136752136752 1542 182.5458369424011000
1044 0.0002008838891121 0 0.0000000000000000
1045 0.0002064835845550 566 61.2544267748434660
1046 0.0002200220022002 972 130.5146697562220000
1047 0.0002104820037887 68 3.7062444186839550
1048 0.0001932740626208 0 0.0000000000000000
1049 0.0002058036633052 0 0.0000000000000000
1050 0.0002391772303277 6396 896.7373698838416000
1051 0.0002046663937781 0 0.0000000000000000
1052 0.0001630257580698 0 0.0000000000000000
1053 0.0002212389380531 13868 2308.2215794068743000
1054 0.0002094679514034 684 39.2805409279604000
1055 0.0002253267237494 0 0.0000000000000000
1056 0.0001865671641791 0 0.0000000000000000
1057 0.0002010050251256 0 0.0000000000000000
1058 0.0002095118374188 564 112.1392479812774200
1059 0.0002182929491377 0 0.0000000000000000
1060 0.0002240143369176 72 10.1165877187732570
1061 0.0002202158114953 0 0.0000000000000000
1062 0.0002269117313365 5216 898.8921217460697000
1063 0.0002158428663933 374 55.7298074037241240
1064 0.0001773364071644 0 0.0000000000000000
1065 0.0001949697796841 0 0.0000000000000000
1066 0.0002075550020756 1570 245.0864846084443200
1067 0.0002520796571717 25192 3471.1560421781396000
1068 0.0002362390739428 7982 1481.8831102089894000
1069 0.0002426595486532 17408 1986.0318627667130000
1070 0.0002376990729736 4906 445.8963866530276600
1071 0.0002338087444470 0 0.0000000000000000
1072 0.0001883593897156 0 0.0000000000000000
1073 0.0002209456473707 15296 2262.0000000000000000
1074 0.0001965022597760 0 0.0000000000000000
1075 0.0002048760499898 228 24.7597601131679700
1076 0.0001925669170037 0 0.0000000000000000
1077 0.0002072109407377 0 0.0000000000000000
1078 0.0002195389681668 7242 1204.4668115091392000
1079 0.0001944390433599 0 0.0000000000000000
1080 0.0002011667672501 15390 2262.0000000000000000
1081 0.0001963093835885 0 0.0000000000000000
1082 0.0001963093835885 0 0.0000000000000000
1083 0.0001963093835885 0 0.0000000000000000
1084 0.0002127206977239 2478 463.7723143567219500
1085 0.0001914241960184 0 0.0000000000000000
1086 0.0002108370229812 204 22.1563333998967400
1087 0.0002071251035626 14544 2262.0000000000000000
1088 0.0002035002035002 0 0.0000000000000000
1089 0.0002035002035002 0 0.0000000000000000
1090 0.0002120441051739 90 17.4693012694290180
1091 0.0001836547291093 0 0.0000000000000000
1092 0.0002031694433157 0 0.0000000000000000
1093 0.0001972775695403 0 0.0000000000000000
1094 0.0001977066034006 0 0.0000000000000000
1095 0.0001940617116243 190 29.9367085999628660
1096 0.0001967342120795 12386 2262.0000000000000000
1097 0.0002173913043478 908 109.7620449109301700
1098 0.0002144542140253 2986 306.9722702740847000
1099 0.0001883239171375 0 0.0000000000000000
1100 0.0002132196162047 0 0.0000000000000000
1101 0.0001885369532428 0 0.0000000000000000
1102 0.0002022653721683 0 0.0000000000000000
1103 0.0001729804532088 0 0.0000000000000000
1104 0.0001740947075209 0 0.0000000000000000
1105 0.0002085940759282 2024 260.2160553410425000
1106 0.0001845699520118 0 0.0000000000000000
1107 0.0001934610176050 0 0.0000000000000000
1108 0.0001890001890002 0 0.0000000000000000
1109 0.0002023881805303 0 0.0000000000000000
1110 0.0002023881805303 0 0.0000000000000000
1111 0.0002023881805303 0 0.0000000000000000
1112 0.0002090738030525 1434 208.5988140241509500
1113 0.0002012072434608 264 29.8391561211691360
1114 0.0002039983680131 0 0.0000000000000000
1115 0.0001927525057826 0 0.0000000000000000
1116 0.0002076843198339 0 0.0000000000000000
1117 0.0001969667126256 0 0.0000000000000000
1118 0.0001866019779810 0 0.0000000000000000
1119 0.0001883593897156 0 0.0000000000000000
1120 0.0001902587519026 0 0.0000000000000000
1121 0.0001770538243626 0 0.0000000000000000
1122 0.0001877934272300 0 0.0000000000000000
1123 0.0001768346595933 96 36.7026596350125900
1124 0.0001883948756594 0 0.0000000000000000
1125 0.0001644466370663 0 0.0000000000000000
1126 0.0001988071570577 0 0.0000000000000000
1127 0.0001869857890800 0 0.0000000000000000
1128 0.0001761183515322 0 0.0000000000000000
1129 0.0001769598301186 0 0.0000000000000000
1130 0.0001767721407106 0 0.0000000000000000
1131 0.0001638806948541 0 0.0000000000000000
1132 0.0001678133915086 0 0.0000000000000000
1133 0.0001609269391696 0 0.0000000000000000
%END%
