1133
1 3.0892801977139327E-4 102066 10707.2137986893
2 2.889338341519792E-4 76968 9611.7868393878
3 3.2393909944930353E-4 139936 13045.4335197562
4 2.886002886002886E-4 63630 6442.783510199
5 2.787068004459309E-4 15008 1726.0575936862
6 2.9120559114735004E-4 40268 4034.1085519171
7 2.9726516052318666E-4 126758 16112.5400053353
8 2.5614754098360657E-4 6058 770.887912149
9 2.9770765108663293E-4 47162 4442.3450958049
10 2.900232018561485E-4 122616 13692.7278434939
11 2.975304968759298E-4 45052 5272.6247977734
12 2.7344818156959256E-4 31640 3430.0375453329
13 3.0674846625766873E-4 136070 18088.1855779422
14 2.843332385555871E-4 128700 16157.8626511851
15 2.93513354857646E-4 56128 6274.8341974332
16 3.061849357011635E-4 224030 22844.1505136488
17 2.469745616201531E-4 8504 992.7532592244
18 2.872737719046251E-4 30000 3320.2969387343
19 3.0184123151222455E-4 84134 8755.9292114631
20 2.9171528588098014E-4 31842 3384.2232000193
21 3.161555485298767E-4 215440 24935.2715749302
22 2.7586206896551725E-4 11716 982.1918381313
23 3.3715441672285906E-4 353340 42842.3826020646
24 2.97000297000297E-4 183446 22041.7483410181
25 2.960331557134399E-4 70202 9492.450004998
26 2.409058058299205E-4 0 0
27 2.835270768358378E-4 48544 5584.1779951182
28 2.772387025228722E-4 15842 1878.481695299
29 2.685284640171858E-4 16168 2280.2010158989
30 2.808988764044944E-4 100840 11329.3102194746
31 3.026634382566586E-4 47768 5068.9814039478
32 2.3917723032767282E-4 1892 299.4344184088
33 2.584647195657793E-4 3606 277.9560552248
34 2.8129395218002813E-4 46970 5164.7496923873
35 2.1777003484320557E-4 0 0
36 2.1777003484320557E-4 0 0
37 2.1777003484320557E-4 0 0
38 2.957704821058858E-4 96820 12287.9661402095
39 3.2175032175032174E-4 95264 9168.1665301573
40 3.1133250311332503E-4 99428 10039.2877136027
41 3.312355084465055E-4 289660 33926.9149507262
42 3.33555703802535E-4 308836 33318.8537937119
43 2.778549597110308E-4 6000 513.5717503953
44 2.932551319648094E-4 43536 5167.928209393
45 3.1338138514572234E-4 133284 15691.4173301105
46 3.169572107765452E-4 173372 18412.9927896546
47 2.6881720430107527E-4 4868 546.1612006285
48 2.8121484814398203E-4 9240 908.7957464353
49 3.0998140111593303E-4 163838 17586.2709193025
50 3.1298904538341156E-4 59082 4999.6264617213
51 3.0193236714975844E-4 93624 11357.2701080804
52 3.297065611605671E-4 245508 29355.9333429909
53 2.5157232704402514E-4 520 23.3970136955
54 3.238341968911917E-4 156086 17411.6890239826
55 2.86286859433152E-4 23310 2430.0516677118
56 3.0553009471432935E-4 105820 10053.3382109253
57 2.882675122513693E-4 89466 11027.0800076279
58 3.0441400304414006E-4 190026 24827.7656088483
59 2.803476310625175E-4 58618 8051.5928446215
60 2.3386342376052386E-4 692 75.6990869606
61 2.5207965717166626E-4 22936 3137.0416200828
62 3.020235578375113E-4 88162 9736.2534588963
63 2.5348542458808617E-4 7938 856.6734141528
64 2.7616680475006904E-4 30264 2649.5978200301
65 2.581311306143521E-4 62006 8019.8872306877
66 2.788622420524261E-4 11612 1507.7396231115
67 2.6219192448872575E-4 50820 6699.1207645789
68 2.6680896478121667E-4 17032 1663.3267630904
69 2.942907592701589E-4 139046 20592.4588161652
70 2.920560747663551E-4 91720 10960.2071718223
71 2.824060999717594E-4 29874 3682.6628948223
72 3.0184123151222455E-4 165218 23395.7329501651
73 2.896032435563278E-4 66640 9154.4404170868
74 3.0553009471432935E-4 92948 11534.5383151965
75 2.6343519494204424E-4 37636 4887.2819844195
76 3.3068783068783067E-4 318030 38559.1959936907
77 2.690341673392521E-4 8620 937.0808110516
78 2.7056277056277056E-4 29862 3845.2671773908
79 2.717391304347826E-4 20146 2290.0917344289
80 3.0349013657056146E-4 118504 14827.1116405057
81 3.1338138514572234E-4 111620 12299.2585851159
82 2.990430622009569E-4 91040 11506.527854304
83 2.53613999492772E-4 2750 213.4193538534
84 2.8653295128939826E-4 20102 1452.0718886929
85 2.718129926610492E-4 34412 3541.9129005348
86 2.8074115665356543E-4 18522 1900.2835592127
87 2.7442371020856203E-4 4764 475.2023340827
88 2.600780234070221E-4 14682 1818.2704676467
89 2.512562814070352E-4 5460 686.4763363106
90 2.767783005812344E-4 85560 11406.5375511626
91 2.7570995312930797E-4 45658 6327.3825820784
92 2.643404705260375E-4 56034 8269.4335146185
93 2.577319587628866E-4 64438 7779.647271723
94 2.969121140142518E-4 74022 8667.5543405212
95 2.4838549428713363E-4 2120 206.8524008656
96 2.48015873015873E-4 9504 1079.558518432
97 2.523977788995457E-4 416 29.8189838433
98 2.349072116513977E-4 18936 2906.1634140765
99 2.5826446280991736E-4 3796 371.3614393899
100 2.3452157598499062E-4 954 91.5831233002
101 2.808988764044944E-4 39132 5309.0445661334
102 2.3030861354214648E-4 826 161.5977292627
103 2.589331952356292E-4 6282 937.4581668033
104 2.9886431560071725E-4 37376 3785.746854274
105 3.341129301703976E-4 461230 47282.7820470414
106 2.957704821058858E-4 153742 19282.051553445
107 2.8768699654775604E-4 43612 5264.8141610496
108 2.5188916876574307E-4 2366 181.420958038
109 2.27842333105491E-4 0 0
110 2.595380223202699E-4 6766 512.9381945109
111 2.1838829438742082E-4 0 0
112 2.861230329041488E-4 63706 7756.490460369
113 2.760143527463428E-4 16878 1823.3500893963
114 2.3923444976076556E-4 2044 145.4371748485
115 2.675943270002676E-4 40208 5814.2668493191
116 3.045066991473812E-4 151952 17063.4162493849
117 2.8498147620404675E-4 34232 4183.5297532301
118 2.402691013935608E-4 31928 3625.8536859436
119 2.598752598752599E-4 8628 730.9170647278
120 2.9171528588098014E-4 117948 13215.6815437311
121 2.447381302006853E-4 6132 497.4532002648
122 2.849002849002849E-4 36828 4537.7025581795
123 2.3730422401518748E-4 134 8.723148914
124 2.9036004645760743E-4 52914 6569.5516158061
125 2.824858757062147E-4 22180 2428.2664354411
126 2.376425855513308E-4 8542 1090.9026753761
127 2.6371308016877635E-4 15340 1419.0649708224
128 3.1347962382445143E-4 139376 13534.0119482361
129 2.576655501159495E-4 2548 229.3684468366
130 2.6198585276395077E-4 13914 1450.3502923799
131 2.8885037550548814E-4 63956 9319.8123234392
132 2.6867275658248256E-4 17184 2573.1448898588
133 2.924831822170225E-4 33534 3570.2410396148
134 3.2175032175032174E-4 198152 24189.2492916625
135 3.26797385620915E-4 250004 34906.4801261544
136 2.675943270002676E-4 60424 9962.9775403247
137 3.225806451612903E-4 192308 20957.2903899024
138 2.4807740014884643E-4 398 27.2522979262
139 2.2983222247759135E-4 0 0
140 3.0627871362940275E-4 133228 16031.0274144597
141 2.503755633450175E-4 2584 239.0040449329
142 2.959455460195324E-4 54022 6407.3663739166
143 2.892681515765114E-4 81900 9346.0782396212
144 2.3369946249123628E-4 16060 2102.3018028015
145 2.840909090909091E-4 31910 3250.7412733016
146 2.8851702250432774E-4 55098 5812.6528954838
147 2.9129041654529564E-4 62098 7951.7302063976
148 2.818489289740699E-4 20350 2077.0370446082
149 2.6068821689259646E-4 8896 754.7667126176
150 2.9342723004694836E-4 39940 3821.4072848714
151 2.397506593143131E-4 326 20.9724673008
152 2.7041644131963225E-4 65456 7193.3690947093
153 2.6143790849673205E-4 15288 1659.4408204297
154 2.473410833539451E-4 624 55.7433582
155 2.949852507374631E-4 34294 3794.2146637525
156 2.633658151171978E-4 4036 461.0415557766
157 2.929973630237328E-4 29486 3634.9137148597
158 2.6096033402922753E-4 36876 5610.0678098672
159 2.447381302006853E-4 1956 209.2127163897
160 2.3413720440177945E-4 30250 4922.9186138228
161 2.6490066225165563E-4 9944 906.2734209221
162 2.5906735751295336E-4 10838 1025.7960369785
163 2.636435539151068E-4 24628 3402.1691611079
164 2.508780732563974E-4 5942 755.6393094321
165 2.5290844714213456E-4 8230 940.5231976248
166 2.4888003982080636E-4 4372 422.8800737047
167 2.5967281225655674E-4 5208 448.2381689904
168 2.699055330634278E-4 18894 1915.6996251055
169 2.3775558725630053E-4 1300 78.3322291441
170 2.41196333815726E-4 2766 274.1959782704
171 2.3353573096683791E-4 1398 185.9807562215
172 2.3369946249123628E-4 724 47.6405837973
173 2.1987686895338611E-4 0 0
174 2.3640661938534278E-4 472 22.0563127527
175 2.151462994836489E-4 0 0
176 2.788622420524261E-4 35304 3632.3587455838
177 2.3702299123014932E-4 536 40.4011598311
178 2.3963575365444525E-4 3428 487.0497919882
179 2.3969319271332693E-4 1782 158.4466477286
180 2.3629489603024575E-4 722 49.7674608438
181 2.6441036488630354E-4 13292 1516.6047009002
182 3.0057108506161706E-4 123016 13978.5057901269
183 3.078817733990148E-4 185806 24839.2067920163
184 2.744990392533626E-4 13892 1471.4802847549
185 3.045994517209869E-4 105474 11349.6056425015
186 2.8401022436807724E-4 56830 8761.2658353803
187 2.719608376393799E-4 9844 1257.781686166
188 2.685284640171858E-4 26336 3696.0623586368
189 2.774694783573807E-4 43232 4545.2415366232
190 2.6198585276395077E-4 2638 182.3364797533
191 2.821670428893905E-4 26808 2511.154129112
192 2.6961445133459155E-4 24680 2937.03101815
193 2.7218290691344586E-4 32176 2945.9222453411
194 2.92654375182909E-4 45592 4288.9541489618
195 2.5006251562890725E-4 9096 1231.4992324716
196 3.1625553447185326E-4 229466 25335.3994299557
197 2.6246719160104987E-4 24752 2828.0041113923
198 2.821670428893905E-4 69120 6505.3311152948
199 2.6371308016877635E-4 35518 4402.3724456746
200 2.9231218941829873E-4 67828 7771.2914350595
201 2.937720329024677E-4 59694 5495.5044651112
202 2.7793218454697053E-4 19716 2066.9672916406
203 2.8993911278631486E-4 41424 4571.6665287402
204 3.0358227079538557E-4 130698 12951.430589277
205 2.775464890369137E-4 56570 4321.9231776222
206 2.9761904761904765E-4 72704 6318.2174968303
207 2.726281352235551E-4 15346 1089.0085899975
208 2.6096033402922753E-4 9798 857.1541524211
209 2.5265285497726126E-4 2170 177.4749715308
210 3.003003003003003E-4 65000 5872.2501393055
211 2.6946914578280785E-4 20836 2289.9556152249
212 2.7307482250136535E-4 61586 7915.3537680467
213 2.8669724770642203E-4 72070 8528.3588934211
214 2.990430622009569E-4 49328 4004.8041384083
215 2.6455026455026457E-4 20044 1629.7257646927
216 2.676659528907923E-4 24890 1808.5747148462
217 2.824060999717594E-4 26182 2646.2453035335
218 2.860411899313501E-4 69474 7145.8951497553
219 2.73972602739726E-4 84198 10403.2857079354
220 2.518257365902795E-4 3212 383.2250349322
221 2.469135802469136E-4 6234 650.595482906
222 2.50689395838556E-4 56510 5039.9516940518
223 2.5464731347084286E-4 19612 2999.4820064863
224 2.4975024975024975E-4 10698 1408.2122509877
225 2.109704641350211E-4 474 43.4857376226
226 2.2426553038797938E-4 316 37.17158351
227 3.081664098613251E-4 53928 6529.0586896361
228 2.7800945232137893E-4 17576 1838.3663430995
229 2.4826216484607745E-4 1296 96.0271436563
230 2.787068004459309E-4 27930 3050.5480319272
231 2.8376844494892167E-4 20200 2213.5075361479
232 2.27842333105491E-4 0 0
233 3.2981530343007914E-4 292966 35485.8933662818
234 2.621231979030144E-4 7876 862.1266482898
235 2.7731558513588466E-4 24096 2743.8182593446
236 2.5660764690787786E-4 650 59.8598840894
237 3.1084861672365556E-4 133334 18895.7000586704
238 2.8669724770642203E-4 69150 8310.2459661111
239 2.963841138114997E-4 66484 8214.7960601851
240 2.81610813855252E-4 33216 4168.9517552537
241 3.171582619727244E-4 117410 12447.8791224508
242 2.5056376847907793E-4 11418 1872.0219527672
243 3.0543677458766036E-4 112714 13161.2842719687
244 2.627430373095113E-4 19270 3193.1621176741
245 2.794076557697681E-4 5308 394.950386744
246 2.8169014084507044E-4 7868 704.6106375005
247 2.5119316754584274E-4 0 0
248 2.830455703368242E-4 30960 4000.7606766976
249 2.3798191337458352E-4 468 45.2721233139
250 2.8153153153153153E-4 11764 1217.2739539766
251 2.828054298642534E-4 22350 2355.6529442343
252 2.589331952356292E-4 7180 912.8223784597
253 2.328830926874709E-4 0 0
254 2.9239766081871346E-4 21822 2309.467393324
255 2.963841138114997E-4 77172 9745.3916949214
256 2.6673779674579886E-4 43100 6280.3536606114
257 2.744990392533626E-4 29710 3910.433578079
258 2.49500998003992E-4 1090 119.7230251691
259 2.9120559114735004E-4 32952 3713.2656180241
260 2.7114967462039046E-4 31552 4469.4087717758
261 2.328830926874709E-4 0 0
262 2.6123301985370953E-4 1518 151.0120592123
263 2.775464890369137E-4 13736 1231.4417763137
264 2.576655501159495E-4 9742 851.3539050034
265 2.653927813163482E-4 17094 2428.0322760121
266 2.599428125812321E-4 4014 393.4671642502
267 2.835270768358378E-4 59986 7207.2930132038
268 2.955956251847473E-4 60696 6690.3234712336
269 3.1191515907673113E-4 123318 15851.5734241
270 2.840909090909091E-4 64974 9986.7137248117
271 3.0349013657056146E-4 82568 9825.3739662847
272 2.555583950932788E-4 852 78.2763917071
273 2.5960539979231567E-4 17036 2649.2764331828
274 2.904443799012489E-4 68616 6587.3537610576
275 2.8050490883590464E-4 18754 2169.8337302669
276 2.8328611898016995E-4 38728 4742.5415405183
277 2.6441036488630354E-4 20042 2968.4341956666
278 2.6752273943285177E-4 25624 2895.4800943173
279 2.6888948642108095E-4 14268 1670.4189049576
280 2.7151778441487917E-4 13124 1514.7419876067
281 2.5297242600556537E-4 1258 174.599395051
282 2.897710808461316E-4 53340 5726.542642647
283 2.572678157962439E-4 1482 137.108082667
284 2.9708853238265005E-4 56130 6604.798236016
285 2.589331952356292E-4 14646 1831.617362374
286 2.554931016862545E-4 7378 828.3778980489
287 2.8538812785388126E-4 97526 14079.6075619575
288 2.3282887077997672E-4 268 23.749187222
289 2.740476842970677E-4 25374 2118.7076663005
290 2.5906735751295336E-4 17342 2339.6939543062
291 2.747252747252747E-4 19658 2081.8689110896
292 2.363507445048452E-4 0 0
293 2.7662517289073305E-4 12078 1061.7613953725
294 2.2232103156958648E-4 0 0
295 2.3758612497030174E-4 1790 155.7354439412
296 2.5106703489831785E-4 4996 578.0539136109
297 2.545824847250509E-4 17950 2616.5782029871
298 2.5342118601115053E-4 8078 1173.7949407524
299 3.007518796992481E-4 82520 9113.3610778615
300 2.7041644131963225E-4 8406 1089.8690677764
301 2.542588354945334E-4 9232 1115.7382252366
302 2.360160490913382E-4 1222 172.9818650024
303 2.910360884749709E-4 72678 8391.8208187598
304 2.363507445048452E-4 14786 2297.1353957038
305 2.8653295128939826E-4 30210 3376.9026712941
306 2.7041644131963225E-4 32992 4926.4629826858
307 2.6588673225206064E-4 21136 2840.0908453423
308 2.808199943836001E-4 53214 6872.1355355493
309 2.36630383341221E-4 1260 163.7776715236
310 2.2016732716864817E-4 1396 244.3287255399
311 2.5926886180969663E-4 14746 2199.0606768787
312 2.543881963876876E-4 32656 4850.5865773565
313 2.841716396703609E-4 88872 13596.9000943776
314 2.892681515765114E-4 64966 7755.3560680668
315 2.655337227827934E-4 11174 1633.7132798463
316 3.1036623215394165E-4 120792 14760.3233936038
317 2.576655501159495E-4 3726 304.9770671414
318 2.1317416329140907E-4 0 0
319 2.1404109589041095E-4 418 34.0470854781
320 2.3348120476301658E-4 4072 580.1044566072
321 2.830455703368242E-4 57948 6990.5280185112
322 2.78473962684489E-4 58264 6959.5864602944
323 2.43842965130456E-4 10794 1277.4937617896
324 2.6253609871357313E-4 6816 588.362592028
325 2.5284450063211124E-4 1846 132.9119872664
326 2.2026431718061675E-4 20332 2393.9528042292
327 2.826455624646693E-4 53570 4887.4826754323
328 2.512562814070352E-4 2424 176.5543710414
329 3.0048076923076925E-4 79412 10087.9809716729
330 2.788622420524261E-4 27158 3483.7299813981
331 3.027550711474417E-4 73666 8419.5588941703
332 3.15059861373661E-4 170506 17292.7529616176
333 3.3818058843422386E-4 427076 50558.5490581979
334 2.7419797093501506E-4 55176 6897.4659590332
335 2.97441998810232E-4 41362 4377.9508265092
336 2.7731558513588466E-4 27718 3295.2798331775
337 2.7693159789531985E-4 28886 3630.1341431309
338 2.8694404591104734E-4 26312 3406.8973178386
339 2.9214139643587495E-4 119982 17204.5736852402
340 2.858776443682104E-4 57270 7416.1617831963
341 2.949852507374631E-4 118834 14884.5257322739
342 2.147766323024055E-4 526 49.3811207808
343 2.3923444976076556E-4 1010 108.8465166153
344 2.942907592701589E-4 58270 7475.4427929408
345 2.2396416573348266E-4 0 0
346 2.7078256160303275E-4 12190 1599.0908622533
347 2.48015873015873E-4 18086 2273.4994706633
348 2.5207965717166626E-4 3686 514.7498481046
349 2.7129679869777537E-4 19824 2926.7184612031
350 2.4142926122646064E-4 35494 4895.1228665782
351 2.961208172934557E-4 60426 8557.6945963413
352 2.6867275658248256E-4 17838 2241.5600215145
353 2.846569883290635E-4 29138 3956.5631580089
354 3.117206982543641E-4 178922 21045.7889716372
355 3.161555485298767E-4 239222 33784.0474059554
356 3.040437823046519E-4 147860 19382.2543665154
357 2.6041666666666666E-4 6854 889.0264298963
358 2.801905295601009E-4 34468 3642.5256846113
359 2.5614754098360657E-4 3270 356.4958313883
360 2.455795677799607E-4 324 19.2142023852
361 2.75178866263071E-4 19366 1860.9685830926
362 2.8735632183908046E-4 42680 5260.0549454572
363 2.5960539979231567E-4 9474 864.0594449941
364 2.820078962210942E-4 24004 2562.7922113886
365 2.6624068157614486E-4 7162 733.6380599245
366 2.4937655860349125E-4 6186 667.3887959384
367 3.050640634533252E-4 129864 17468.7249623606
368 2.9282576866764275E-4 55214 6373.06659862
369 2.675943270002676E-4 12418 1576.0889601496
370 2.4679170779861795E-4 7048 976.2616452964
371 2.7862914460852607E-4 15684 1371.4878339826
372 2.9533372711163615E-4 28172 2825.3125481761
373 2.8376844494892167E-4 14130 1384.1617412806
374 2.4096385542168674E-4 0 0
375 2.5342118601115053E-4 2074 177.0523718468
376 2.8563267637817766E-4 172646 22603.6284267375
377 2.6881720430107527E-4 38072 5827.5869512585
378 3.2562683165092806E-4 256858 31884.743596996
379 2.5138260432378077E-4 3466 428.8028353742
380 2.6048450117218026E-4 4886 365.5194794499
381 2.9120559114735004E-4 41760 4054.7538143072
382 2.7533039647577095E-4 37880 5054.7372761161
383 2.676659528907923E-4 5940 502.5331816122
384 2.9214139643587495E-4 59760 6611.3176310837
385 2.6567481402763017E-4 6876 475.86841401
386 2.6946914578280785E-4 3246 213.9542206635
387 2.697599136768276E-4 14808 1791.5736374152
388 2.6232948583420777E-4 9958 1057.0764441424
389 2.8818443804034583E-4 59828 6384.4344145679
390 2.9895366218236175E-4 85096 8106.5624870757
391 2.723311546840959E-4 44956 5682.9708462887
392 2.9163021289005544E-4 50808 6944.6365693884
393 2.9231218941829873E-4 82122 9686.0319743646
394 2.5687130747495504E-4 314 11.0189399817
395 2.5746652935118434E-4 19052 2365.6238690595
396 3.006614552014432E-4 165892 20071.1118092017
397 2.729257641921397E-4 11958 1072.5302858674
398 2.615746795710175E-4 14498 1696.8820347074
399 2.844950213371266E-4 38784 5050.6826943624
400 2.735229759299781E-4 12154 1188.776937723
401 2.7307482250136535E-4 57806 6743.4919704453
402 2.729257641921397E-4 24414 3420.3998989591
403 2.751031636863824E-4 22896 2889.732281386
404 2.8620492272467084E-4 35656 4339.557610865
405 2.5581990278843696E-4 1884 156.772290386
406 2.2665457842248413E-4 444 34.1410729798
407 2.635740643120717E-4 31270 4056.4113091311
408 2.469135802469136E-4 9024 1152.1090364855
409 2.6652452025586353E-4 16970 1930.6202088163
410 2.797985450475658E-4 36630 3622.1044942899
411 2.4588148512417015E-4 3298 404.0060339966
412 2.5693730729701953E-4 6342 503.1884596249
413 2.871088142405972E-4 45662 4822.4512000453
414 2.835270768358378E-4 18360 2063.2046911351
415 2.872737719046251E-4 66782 7875.5124302347
416 2.6896180742334586E-4 10410 1122.7416600286
417 2.525252525252525E-4 9222 1056.8033873459
418 2.635740643120717E-4 37734 4753.0325618592
419 2.5106703489831785E-4 5004 498.5595379839
420 2.9859659599880563E-4 29756 2830.5157100904
421 2.4551927326295114E-4 3524 427.7724847879
422 2.555583950932788E-4 5770 644.0068514854
423 2.632964718272775E-4 20908 3224.1711395512
424 2.3137436372049977E-4 0 0
425 2.6845637583892615E-4 17300 2018.019641354
426 2.675943270002676E-4 2330 144.7541638011
427 2.6171159382360636E-4 72630 10709.5684648156
428 2.473410833539451E-4 1072 92.2216222142
429 3.10077519379845E-4 210168 30457.3975732567
430 2.5713551041398817E-4 14132 1580.2276080926
431 2.752546105147261E-4 29998 3429.3758842364
432 2.5477707006369424E-4 28512 4056.9472835989
433 2.59000259000259E-4 13598 1819.0702313428
434 2.952465308532625E-4 112070 13555.7002570924
435 2.541942043721403E-4 2492 259.2379429683
436 2.3730422401518748E-4 298 21.8238753757
437 2.635740643120717E-4 2018 159.1926395237
438 2.7240533914464724E-4 17098 1802.5166929927
439 2.925687536571094E-4 51138 5252.1883778913
440 2.4679170779861795E-4 1862 258.5333197322
441 2.5621316935690495E-4 23710 3154.2655550688
442 2.3832221163012392E-4 0 0
443 2.788622420524261E-4 26176 3334.6588519089
444 2.800336040324839E-4 15250 1956.6516974544
445 2.6399155227032733E-4 8898 1265.2603295105
446 2.8653295128939826E-4 47130 4794.8000455395
447 2.59000259000259E-4 18074 1990.434656584
448 2.4764735017335313E-4 252 15.4402633029
449 2.2983222247759135E-4 230 29.336664733
450 2.3315458148752622E-4 2640 421.4472494678
451 2.586652871184687E-4 23496 3452.238297403
452 2.858776443682104E-4 79242 9475.9551720549
453 2.636435539151068E-4 3504 316.2265476632
454 2.975304968759298E-4 158898 21515.9498103049
455 2.685284640171858E-4 8416 862.8906202792
456 2.6021337496747333E-4 11112 1291.1589925678
457 2.871088142405972E-4 41866 4599.2672915267
458 2.794076557697681E-4 58158 8712.6046564302
459 2.57201646090535E-4 48812 7466.3276056726
460 2.805836139169473E-4 176372 22213.6168981834
461 2.472799208704253E-4 794 79.3118523724
462 2.555583950932788E-4 22368 3606.9879838417
463 2.3702299123014932E-4 0 0
464 2.6171159382360636E-4 40300 5129.666240468
465 2.4850894632206757E-4 3270 314.7393822648
466 2.960331557134399E-4 71204 8854.8313414334
467 2.9708853238265005E-4 68142 7523.6896674654
468 3.0826140567200987E-4 184950 24772.1730898903
469 2.2951572182694515E-4 1326 94.511848226
470 2.9394473838918284E-4 65526 8445.040460828
471 2.5233409033560434E-4 16408 1782.2583186112
472 2.678810608090008E-4 10946 845.48465165
473 2.4277737314882253E-4 0 0
474 2.3889154323936931E-4 164 11.021878354
475 2.595380223202699E-4 21810 2313.0056753069
476 2.4807740014884643E-4 13048 1879.3415224292
477 2.3929169657812874E-4 12092 1316.6266720169
478 2.3474178403755868E-4 230 10.1357945445
479 2.492522432701894E-4 6036 817.8027278573
480 2.6001040041601667E-4 21572 3307.8939705637
481 2.6752273943285177E-4 33362 3925.9350419646
482 2.3025558369790466E-4 1878 202.3384545804
483 2.5471217524197657E-4 83012 10760.9328739819
484 2.687449610319806E-4 36574 4498.3419952233
485 2.4906600249066E-4 11400 1302.7652874485
486 2.4563989191844754E-4 21808 2366.171774132
487 2.599428125812321E-4 36666 4532.5940747281
488 2.2644927536231884E-4 0 0
489 2.864508736751647E-4 59504 7908.8376670024
490 2.3234200743494423E-4 980 115.7269702107
491 2.4807740014884643E-4 12616 1861.2346089285
492 2.3952095808383233E-4 844 122.3626109246
493 2.2644927536231884E-4 0 0
494 2.2644927536231884E-4 0 0
495 2.725538293813028E-4 58538 7672.8651175474
496 2.1547080370609782E-4 1690 189.389863106
497 2.3062730627306272E-4 1180 143.1741332621
498 2.2416498542927594E-4 9542 1631.2925641778
499 2.376425855513308E-4 11592 2170.9157087526
500 2.6961445133459155E-4 34308 4515.4652486337
501 2.797985450475658E-4 40764 6163.3184685032
502 1.9615535504119262E-4 0 0
503 2.809778027535825E-4 24638 2424.9939435052
504 2.964719833975689E-4 84768 9598.944917499
505 2.701242571582928E-4 8548 833.4479408603
506 2.3529411764705883E-4 1730 188.7242848285
507 2.6831231553528306E-4 42008 6218.636736937
508 2.4242424242424242E-4 8204 1203.7836666245
509 2.4295432458697764E-4 7372 1107.0767019551
510 2.457002457002457E-4 1682 108.0324755052
511 2.4125452352231604E-4 1654 135.2162052702
512 2.6116479498563595E-4 47886 7007.180262703
513 2.6838432635534085E-4 29764 2979.4444589185
514 1.998800719568259E-4 18216 2262
515 2.465483234714004E-4 8290 1148.9236089934
516 2.0222446916076846E-4 0 0
517 2.3998080153587713E-4 12906 2212.6539611707
518 2.6497085320614734E-4 26608 3424.5434420508
519 2.0222446916076846E-4 0 0
520 2.598077422707197E-4 3112 268.4832070643
521 2.6624068157614486E-4 17130 2725.4890091964
522 2.3337222870478414E-4 1904 203.94367572
523 2.574002574002574E-4 18048 2628.4533357825
524 2.644802962179318E-4 3342 363.2696848685
525 2.2099447513812155E-4 0 0
526 2.2079929344226098E-4 0 0
527 2.3986567522187575E-4 7572 1057.7992828266
528 2.512562814070352E-4 6884 1025.5554087088
529 2.3551577955723034E-4 2430 432.7790572994
530 2.231644722160232E-4 1088 176.4565070058
531 2.2197558268590456E-4 468 59.9140322587
532 3.023888720895071E-4 88822 11766.5184636228
533 2.4084778420038535E-4 7298 1424.6163632778
534 2.5700334104343357E-4 1900 141.088841423
535 2.3646252069047056E-4 16408 2275.1080925169
536 2.4044241404183698E-4 824 88.9386499667
537 2.2920009168003668E-4 0 0
538 2.6014568158168577E-4 23106 3193.0558591169
539 2.3719165085388995E-4 684 111.5428143754
540 2.557544757033248E-4 4606 603.8863462302
541 2.5608194622279127E-4 7206 940.41625866
542 2.7285129604365623E-4 16510 1780.210865554
543 2.9850746268656717E-4 70000 9050.261848625
544 2.314814814814815E-4 160 15.0991492019
545 2.958579881656805E-4 50822 5878.8347940936
546 2.501250625312656E-4 14694 2479.863342936
547 2.3917723032767282E-4 982 116.6102159226
548 2.3573785950023574E-4 658 63.6321092398
549 2.898550724637681E-4 73468 10691.0674391704
550 2.2706630336058128E-4 0 0
551 2.6143790849673205E-4 5118 622.1337846653
552 2.821670428893905E-4 39638 4022.7671254663
553 2.5926886180969663E-4 10832 1526.7673017833
554 2.838489923360772E-4 84348 10282.8905669862
555 2.680246582685607E-4 38606 6142.4351229111
556 2.2619316896629722E-4 744 86.0504912824
557 2.2951572182694515E-4 802 70.3329042636
558 2.6455026455026457E-4 34474 4677.6007079987
559 2.3596035865974517E-4 2558 234.7888936252
560 2.2182786157941438E-4 15044 2360.3472622965
561 2.121790791427965E-4 3842 663.2240155833
562 2.80662363177098E-4 21998 2478.2591240308
563 2.5759917568263783E-4 6072 648.8584342495
564 2.991325157044571E-4 205912 25464.4326560395
565 2.747252747252747E-4 29934 4191.4353311852
566 2.494387627837366E-4 2992 471.3213680789
567 2.5119316754584274E-4 344 30.0063162433
568 2.891844997108155E-4 55230 6836.1555431539
569 2.6198585276395077E-4 12134 1396.8801524387
570 2.4588148512417015E-4 720 61.4906109055
571 2.7085590465872155E-4 14024 1541.5311561582
572 2.608242044861763E-4 17298 2505.3433503502
573 2.8851702250432774E-4 59784 5887.0544426563
574 2.553626149131767E-4 2870 286.3389331403
575 2.0716801325875285E-4 0 0
576 2.3854961832061068E-4 1552 208.9421943973
577 2.30361667818475E-4 96 8.9446101585
578 3.178639542275906E-4 283744 40401.69768513
579 2.4254183846713557E-4 2084 275.4591410336
580 2.3596035865974517E-4 512 56.3004108168
581 2.556237218813906E-4 3746 472.6271771008
582 2.4067388688327315E-4 4956 665.4331590095
583 2.2593764121102577E-4 0 0
584 2.5614754098360657E-4 20258 2052.1506530847
585 2.9086678301337986E-4 52806 6016.3032924685
586 2.770850651149903E-4 15174 2348.6059211908
587 2.3934897079942556E-4 14438 2495.1900474886
588 2.941176470588235E-4 112224 14635.8038849484
589 2.3946360153256704E-4 532 74.3191088304
590 2.7247956403269756E-4 46926 4892.4552551625
591 2.752546105147261E-4 30716 2991.3985500429
592 2.5265285497726126E-4 31758 3765.0413989427
593 2.461841457410143E-4 31614 3982.4401449435
594 2.522704339051463E-4 12404 969.633664759
595 2.414875633904854E-4 2142 205.5566718548
596 2.5106703489831785E-4 3778 345.8330691699
597 2.328830926874709E-4 0 0
598 2.7063599458728013E-4 69586 10333.8004540797
599 2.46669955599408E-4 5600 502.9611241783
600 2.3540489642184556E-4 2814 338.3121312396
601 2.2271714922048998E-4 1790 298.9466877183
602 2.4073182474723158E-4 4320 412.9766400058
603 2.738975623116954E-4 35528 5374.3114005628
604 2.6253609871357313E-4 8904 898.2963025297
605 2.2466861379465288E-4 852 127.4328075093
606 2.5799793601651185E-4 6394 601.5601058633
607 2.701972439881113E-4 32372 4223.794770549
608 2.3685457129322596E-4 4418 548.3018026888
609 2.2207417277370642E-4 1478 216.243455756
610 2.3998080153587713E-4 22684 3721.0141333026
611 2.583311805734952E-4 7830 1351.8327723667
612 2.5233409033560434E-4 92604 13818.0525087819
613 2.2222222222222223E-4 2252 335.2655405938
614 2.509410288582183E-4 3872 515.6600345541
615 2.101723413198823E-4 0 0
616 2.035002035002035E-4 0 0
617 2.443195699975568E-4 14556 2457.4309692766
618 2.035002035002035E-4 0 0
619 2.035002035002035E-4 0 0
620 2.339728591483388E-4 1296 191.1898727935
621 2.3934897079942556E-4 2804 393.6402680513
622 2.349072116513977E-4 1486 97.4811239753
623 2.3557126030624264E-4 1290 133.0324660348
624 2.466091245376079E-4 1690 217.4644288534
625 2.518257365902795E-4 4614 381.6248699836
626 2.085070892410342E-4 60 5.2473562355
627 2.0859407592824363E-4 384 81.0720681902
628 1.9956096587507485E-4 0 0
629 2.3651844843897824E-4 26290 2436.5979034372
630 2.3792529145848205E-4 914 105.5797900336
631 2.403268445085316E-4 0 0
632 2.603488674824265E-4 9162 1417.5131098028
633 2.764722145424385E-4 14468 1814.4676739499
634 2.328830926874709E-4 6164 790.2351662057
635 1.855976243504083E-4 0 0
636 2.2972662531587412E-4 7294 1263.6164592089
637 2.1317416329140907E-4 0 0
638 2.57201646090535E-4 4728 637.717894605
639 2.226179875333927E-4 186 26.2613967512
640 2.376425855513308E-4 2194 195.6950203276
641 2.6917900403768504E-4 6164 465.5932253997
642 2.5974025974025974E-4 2022 146.6064086108
643 2.5207965717166626E-4 1384 176.404852475
644 2.4248302618816683E-4 0 0
645 2.463054187192118E-4 0 0
646 2.4894199651481205E-4 1970 225.6611423461
647 2.532286654849329E-4 5648 468.68410004
648 2.6752273943285177E-4 11322 1033.8736060341
649 2.830455703368242E-4 34084 4247.8134198304
650 2.6504108136761196E-4 12576 944.3096843879
651 2.4721878862793575E-4 5006 869.3476219579
652 2.3668639053254438E-4 0 0
653 2.228163992869875E-4 256 27.0210007577
654 2.681684097613301E-4 15896 1890.8450895841
655 2.3277467411545624E-4 0 0
656 2.626740215392698E-4 6990 709.5900235712
657 2.4993751562109475E-4 15428 2047.7007575518
658 2.642706131078224E-4 59524 9713.4768350568
659 2.632964718272775E-4 10086 1469.5273563788
660 2.8843380444188056E-4 73906 9900.7326498952
661 2.5826446280991736E-4 29856 4215.7099803863
662 2.7329871549603714E-4 12042 1489.1060040713
663 2.653927813163482E-4 18396 2583.1238993078
664 2.318034306907742E-4 17236 2262
665 2.239140170174653E-4 898 144.7414909007
666 2.495632642874969E-4 1272 132.4150075802
667 2.1706099413935315E-4 0 0
668 2.49500998003992E-4 7970 934.7896657705
669 2.2588660492432798E-4 486 31.8962489402
670 2.1616947686986597E-4 0 0
671 2.637826431020839E-4 25972 4197.2771771657
672 2.5342118601115053E-4 1776 166.5553932635
673 2.332089552238806E-4 542 76.9145710193
674 2.1123785382340515E-4 0 0
675 2.452182442373713E-4 9860 1127.921434647
676 2.416626389560174E-4 36 2.6301308828
677 2.796420581655481E-4 17616 2097.1799636944
678 2.43842965130456E-4 1870 259.6797540036
679 2.2650056625141563E-4 0 0
680 2.5393600812595224E-4 14624 2357.6926851117
681 2.27842333105491E-4 1850 233.407351649
682 2.2512381809995497E-4 298 43.4451859363
683 1.9447685725398678E-4 0 0
684 1.9770660340055358E-4 130 20.4909136327
685 2.1934634788330776E-4 0 0
686 2.3348120476301658E-4 298 25.525781083
687 2.9437739181630853E-4 82580 13328.3815756459
688 2.6041666666666666E-4 5078 542.5784317035
689 2.354603249352484E-4 948 105.0930062234
690 2.185792349726776E-4 0 0
691 2.808988764044944E-4 32580 4400.1363713434
692 2.7533039647577095E-4 15312 1737.4922675873
693 2.6123301985370953E-4 10262 1672.0456735287
694 2.5464731347084286E-4 21104 2852.2579850331
695 2.566735112936345E-4 8676 643.7424271097
696 2.2805017103762827E-4 202 15.5437540727
697 2.5043826696719256E-4 5938 678.5922162399
698 2.651113467656416E-4 31460 4062.5680612293
699 2.3261223540358222E-4 13508 1754.3344116368
700 2.538715410002539E-4 12078 1679.4507933884
701 2.5290844714213456E-4 30544 5201.4966116219
702 2.554278416347382E-4 1076 126.6614587878
703 2.399232245681382E-4 1816 270.6445475371
704 2.627430373095113E-4 8046 1111.1276820289
705 2.7693159789531985E-4 22282 3009.4901843656
706 2.5477707006369424E-4 31786 3767.7381779666
707 2.638522427440633E-4 11462 1488.893634324
708 2.495632642874969E-4 1980 160.4814324551
709 2.67022696929239E-4 38454 3748.4334228652
710 2.4838549428713363E-4 23526 3358.4368071692
711 2.836074872376631E-4 52716 7074.4454018559
712 2.535496957403651E-4 4412 646.3908820672
713 2.541942043721403E-4 392 21.3943291919
714 2.3929169657812874E-4 13728 2542.3306113735
715 2.673082063619353E-4 10158 1417.2533199987
716 2.1939447125932427E-4 492 63.1263502682
717 2.0542317173377156E-4 0 0
718 2.3929169657812874E-4 3324 602.9631993304
719 2.433682161109759E-4 1668 164.8377585025
720 2.465483234714004E-4 1490 113.749176458
721 2.48015873015873E-4 4896 520.5545555583
722 2.2747952684258417E-4 0 0
723 2.3607176581680832E-4 1442 111.6050151086
724 2.718129926610492E-4 59474 6838.9279761823
725 2.731494127287626E-4 55698 6427.3903340453
726 2.6652452025586353E-4 18208 2071.6447402036
727 2.382654276864427E-4 332 36.8104926671
728 2.2306491188935982E-4 2212 263.9066630103
729 2.631578947368421E-4 7160 703.9409019334
730 2.71370420624152E-4 28604 3201.2536707785
731 2.2779043280182233E-4 5312 770.5136373897
732 1.9964064683569574E-4 26 4.6913056836
733 1.9964064683569574E-4 26 4.6913056836
734 2.2426553038797938E-4 2026 436.1103174069
735 2.1987686895338611E-4 0 0
736 2.4195499637067505E-4 1992 176.083001509
737 2.2815423226100844E-4 3020 440.9009635595
738 2.2456770716370987E-4 1254 186.3551524498
739 2.2396416573348266E-4 0 0
740 2.070822116380203E-4 0 0
741 2.463054187192118E-4 4656 695.3802843262
742 2.420135527589545E-4 6260 844.0843409678
743 2.613012803762738E-4 13922 1581.5994519939
744 2.4467824810374357E-4 4766 489.2784289578
745 2.457606291472106E-4 8386 853.4071018048
746 2.288329519450801E-4 932 52.797464092
747 2.446183953033268E-4 252 10.9658746724
748 2.433682161109759E-4 13252 1494.5321948172
749 2.402691013935608E-4 840 115.7041089394
750 2.644802962179318E-4 10448 1264.6460022575
751 2.0149103364900262E-4 0 0
752 2.2187708009762592E-4 304 33.2559604527
753 2.4295432458697764E-4 3200 308.3332888113
754 2.181500872600349E-4 290 47.7476610541
755 2.320185614849188E-4 3438 541.4868212817
756 2.627430373095113E-4 12692 1263.4528965811
757 2.3963575365444525E-4 35604 4999.4858068601
758 1.8511662347278786E-4 0 0
759 1.8511662347278786E-4 0 0
760 2.0308692120227456E-4 0 0
761 2.488181139586962E-4 7438 1025.4363730209
762 2.4307243558580456E-4 1452 124.6743043582
763 2.2431583669807088E-4 0 0
764 2.3142791020597085E-4 9508 1580.5958506364
765 2.6226068712300026E-4 35284 5722.4710969981
766 2.31000231000231E-4 976 117.5065528355
767 2.603488674824265E-4 3680 427.9026594609
768 2.1505376344086021E-4 13460 2262
769 2.54323499491353E-4 5712 751.2175263009
770 2.387774594078319E-4 3302 368.6072089185
771 2.1677866897897247E-4 14458 2282.9174284313
772 2.4015369836695484E-4 1164 150.9037306043
773 2.339728591483388E-4 2336 338.9536053878
774 2.2207417277370642E-4 1232 205.4710475177
775 2.828854314002829E-4 63358 7874.5958955455
776 2.253267237494367E-4 258 21.2013896812
777 2.380952380952381E-4 0 0
778 2.2517451024544022E-4 340 42.7203788462
779 2.3293733985557886E-4 0 0
780 2.503755633450175E-4 4916 369.3393031969
781 2.442002442002442E-4 210 10.2882891151
782 2.0238818053025704E-4 0 0
783 2.426595486532395E-4 6896 857.3972346798
784 2.413709872073377E-4 5882 730.339955086
785 2.0312817387771684E-4 0 0
786 2.3934897079942556E-4 2908 238.8547532577
787 2.2789425706472196E-4 240 27.713810403
788 2.5176233635448137E-4 3748 480.3461883267
789 2.183406113537118E-4 0 0
790 2.3860653781913624E-4 934 91.2336663735
791 2.2598870056497175E-4 0 0
792 2.3413720440177945E-4 272 16.6910785586
793 2.3380874444704232E-4 15008 2156.2968504767
794 2.2815423226100844E-4 900 106.8426894785
795 2.4295432458697764E-4 11766 2006.0320143652
796 2.3946360153256704E-4 720 80.7401120523
797 2.2366360993066427E-4 188 15.5173751063
798 2.2527596305474206E-4 432 32.2627288256
799 2.1621621621621621E-4 424 50.6249205306
800 2.0916126333403055E-4 0 0
801 2.1673168617251842E-4 0 0
802 2.3326335432703523E-4 17648 2388.1764319475
803 1.953125E-4 0 0
804 1.953125E-4 0 0
805 1.9770660340055358E-4 0 0
806 2.253267237494367E-4 4638 677.2596799845
807 2.2878059940517045E-4 2046 289.8353030974
808 2.3969319271332693E-4 11984 1325.0010849121
809 2.4906600249066E-4 7592 912.2407815427
810 2.4764735017335313E-4 992 121.5723086499
811 2.630194634402946E-4 10890 1771.0069959856
812 2.519526329050139E-4 7002 1035.5164030095
813 2.46669955599408E-4 0 0
814 2.4102193299590263E-4 1250 120.5482457814
815 2.452783909737552E-4 574 39.2072539144
816 2.6089225150013044E-4 17594 2014.2017928431
817 2.494387627837366E-4 2340 314.8050953982
818 2.3057412958266084E-4 1552 267.5793346154
819 2.492522432701894E-4 9394 1401.3851743481
820 2.3261223540358222E-4 432 55.2105266552
821 2.501250625312656E-4 5400 782.6517295409
822 2.4709661477637757E-4 10014 1728.7650579336
823 2.196836555360281E-4 66 5.9029198445
824 2.4764735017335313E-4 29158 3589.9509164784
825 2.3293733985557886E-4 1582 208.0940075315
826 2.345765892563922E-4 210 14.6199388459
827 2.586652871184687E-4 508 35.683793192
828 2.0153164046755341E-4 234 25.6727229033
829 2.462447672986949E-4 706 88.8221202948
830 2.2701475595913735E-4 0 0
831 2.5393600812595224E-4 4034 592.9756229915
832 2.0255215718047398E-4 0 0
833 2.5393600812595224E-4 8374 999.1274726498
834 2.403846153846154E-4 15820 2336.8925798106
835 2.255299954894001E-4 196 25.8611072258
836 2.6246719160104987E-4 61222 8606.8153944061
837 2.255299954894001E-4 2082 251.6534646949
838 2.50689395838556E-4 2086 194.5219610328
839 2.310536044362292E-4 0 0
840 2.4396194193705782E-4 7256 1118.3425075795
841 2.23463687150838E-4 216 28.6467771782
842 2.1413276231263382E-4 198 33.6295188266
843 2.0946795140343527E-4 0 0
844 2.4067388688327315E-4 1476 214.065004311
845 2.0751193193608634E-4 0 0
846 2.43605359317905E-4 3088 435.1950861445
847 2.2763487366264513E-4 6080 539.513200919
848 2.4324981756263683E-4 13936 1184.5752540658
849 2.4378352023403217E-4 13484 1172.5668495969
850 2.0567667626491157E-4 72 14.7130414635
851 2.2872827081427266E-4 228 17.3959521682
852 2.1468441391155003E-4 0 0
853 2.416626389560174E-4 5156 676.3972712611
854 2.3629489603024575E-4 718 82.3832285033
855 2.4752475247524753E-4 12318 1867.1666072731
856 2.1500752526338422E-4 0 0
857 2.1500752526338422E-4 0 0
858 2.1500752526338422E-4 0 0
859 2.594706798131811E-4 21646 2880.4176408708
860 2.442598925256473E-4 13214 1916.5992244061
861 2.58732212160414E-4 11626 1642.2372439775
862 2.006823198876179E-4 0 0
863 2.1862702229995628E-4 0 0
864 2.3685457129322596E-4 1214 178.6084931385
865 2.1654395842355997E-4 2366 222.8147219927
866 2.4354603019970775E-4 584 100.0227568277
867 2.035416242621616E-4 0 0
868 2.452783909737552E-4 12666 1561.4175627536
869 2.4283632831471587E-4 7264 791.7645891041
870 2.6518164942985947E-4 35450 5084.510531954
871 2.269117313365101E-4 490 50.0896551126
872 2.3629489603024575E-4 4258 547.6687161833
873 2.157497303128371E-4 0 0
874 2.4648755237860487E-4 14672 2304.0846163666
875 2.3057412958266084E-4 1430 204.2862840694
876 2.157497303128371E-4 0 0
877 2.2138587558113792E-4 274 35.2921001831
878 2.3110700254217703E-4 8984 1196.9217523263
879 2.3691068467187872E-4 1762 220.397798315
880 2.0437359493153485E-4 12 2.2607370095
881 2.2696323195642307E-4 3448 491.5811901219
882 2.3137436372049977E-4 2042 312.7474971992
883 2.1920210434020167E-4 172 16.3882174812
884 2.714440825190011E-4 25900 3564.4950230341
885 2.4551927326295114E-4 1276 121.4964985402
886 2.461235540241201E-4 240 9.4145992349
887 2.4378352023403217E-4 0 0
888 2.461235540241201E-4 240 9.4145992349
889 2.4242424242424242E-4 1798 147.2651804619
890 2.5342118601115053E-4 28386 3360.6631415095
891 2.585983966899405E-4 8934 1043.2236604911
892 2.5713551041398817E-4 3410 235.2461583902
893 2.4752475247524753E-4 206 7.217031008
894 2.354603249352484E-4 5666 708.5509601722
895 2.541942043721403E-4 12400 1193.8044583012
896 2.4888003982080636E-4 11662 1553.6215549101
897 1.864975755315181E-4 0 0
898 2.3651844843897824E-4 12912 2306.9876303955
899 2.1696680407897592E-4 154 24.7854976494
900 2.2222222222222223E-4 2228 375.0800924252
901 2.044153720359771E-4 0 0
902 2.388344877000239E-4 11406 1301.2197133854
903 2.1701388888888888E-4 998 124.6504264388
904 2.2977941176470588E-4 4380 545.5229665411
905 2.49003984063745E-4 2500 274.431605433
906 1.9755037534571315E-4 0 0
907 2.2701475595913735E-4 6258 853.2498122349
908 2.4888003982080636E-4 18424 2883.0723743996
909 2.1505376344086021E-4 0 0
910 2.242152466367713E-4 4336 647.5854025078
911 2.1781746896101068E-4 508 101.7065440129
912 2.4679170779861795E-4 25542 3622.4951483059
913 2.2972662531587412E-4 0 0
914 2.4142926122646064E-4 158 7.235670267
915 2.2558087074216106E-4 1204 149.1929482237
916 2.144082332761578E-4 0 0
917 2.1177467174925878E-4 0 0
918 1.7633574325515782E-4 0 0
919 2.3934897079942556E-4 12530 2290.7613604952
920 2.4551927326295114E-4 2568 158.5669693328
921 2.5303643724696357E-4 6218 911.5709051672
922 2.536783358701167E-4 7240 610.9988879553
923 2.3446658851113716E-4 6180 860.8508563808
924 2.228163992869875E-4 2012 313.9797250961
925 2.2109219544550078E-4 356 52.5182812061
926 2.2266755733689602E-4 1092 90.6500522276
927 2.1626297577854672E-4 0 0
928 2.332089552238806E-4 992 104.9974157893
929 2.358490566037736E-4 884 114.1299662826
930 2.4242424242424242E-4 14718 2310.9325191691
931 2.2138587558113792E-4 15188 2375.2333917228
932 2.498126405196103E-4 7884 1299.4086550581
933 2.23563603845294E-4 598 80.6158044647
934 2.1602937999567941E-4 0 0
935 2.2680880018144704E-4 4508 517.0958155974
936 2.275830678197542E-4 400 34.2660655437
937 2.3078698361412417E-4 360 28.4379983741
938 2.315886984715146E-4 84 5.1628789168
939 2.2079929344226098E-4 0 0
940 2.2070183182520416E-4 830 66.0234113303
941 2.1473051320592657E-4 440 38.0041575601
942 2.2941041523285156E-4 2916 466.4620286391
943 2.277385561375541E-4 272 19.4339664839
944 2.3014959723820482E-4 240 16.7096879833
945 2.440214738897023E-4 2322 162.528884454
946 2.3730422401518748E-4 1138 65.687890656
947 2.0759809009757111E-4 0 0
948 1.8964536317087047E-4 0 0
949 1.8964536317087047E-4 0 0
950 2.3110700254217703E-4 2596 429.1032265636
951 2.249718785151856E-4 0 0
952 2.3413720440177945E-4 850 97.5513239027
953 2.5451768897938407E-4 11618 1786.669576936
954 2.4679170779861795E-4 1984 232.7937245506
955 2.3046784973496196E-4 0 0
956 2.328830926874709E-4 0 0
957 2.5484199796126404E-4 11726 1629.7797540235
958 2.538071065989848E-4 17566 2477.2181982628
959 2.328830926874709E-4 0 0
960 2.384358607534573E-4 15568 2333.5609138646
961 2.315886984715146E-4 0 0
962 2.3803856224708403E-4 656 64.5399001839
963 2.2742779167614282E-4 720 66.7417445051
964 2.2680880018144704E-4 0 0
965 2.466091245376079E-4 2684 430.5605359572
966 2.2680880018144704E-4 0 0
967 2.1973192704900023E-4 0 0
968 2.3142791020597085E-4 10444 1349.3374370734
969 2.1715526601520088E-4 0 0
970 2.158894645941278E-4 0 0
971 2.158894645941278E-4 0 0
972 2.0614306328592042E-4 0 0
973 2.0614306328592042E-4 0 0
974 2.4003840614498319E-4 2294 335.5614938322
975 2.4685262898049864E-4 1564 137.9055667555
976 2.3424689622862497E-4 7000 992.1836784299
977 2.099517111064455E-4 0 0
978 2.2426553038797938E-4 272 16.813997343
979 2.155636990730761E-4 14292 2010.8141333462
980 2.3501762632197415E-4 3046 424.8118321857
981 2.3940627244433804E-4 17164 2359.9051092759
982 2.249212775528565E-4 180 15.166251265
983 2.4594195769798326E-4 6900 845.6270479618
984 2.0938023450586265E-4 0 0
985 2.3326335432703523E-4 9462 1442.0690405634
986 2.3094688221709007E-4 0 0
987 2.2326412145568208E-4 5744 1018.2580367923
988 2.206531332744925E-4 730 106.116019448
989 2.1829294913774285E-4 214 25.7109028607
990 2.2768670309653916E-4 3090 461.2213239343
991 2.030456852791878E-4 0 0
992 2.1987686895338611E-4 2326 354.2163475396
993 2.2512381809995497E-4 0 0
994 2.0863759649488838E-4 136 13.1790610409
995 2.4509803921568627E-4 16480 1691.4170957741
996 2.4289531212047608E-4 3328 341.8877009955
997 2.035002035002035E-4 5290 684.5892989042
998 2.0202020202020202E-4 14270 2262
999 2.134927412467976E-4 0 0
1000 2.0193861066235866E-4 0 0
1001 2.5647601949217746E-4 24350 4593.8256487575
1002 2.402691013935608E-4 314 50.5485268263
1003 2.188662727073758E-4 1370 139.9634958145
1004 2.1281123643328368E-4 1306 115.5255110534
1005 2.2583559168925022E-4 5898 744.5285430755
1006 2.1982853374367993E-4 0 0
1007 2.4142926122646064E-4 1772 220.4021994627
1008 2.1321961620469082E-4 904 176.5894659945
1009 2.3713540431586437E-4 19558 2931.0795984111
1010 2.402691013935608E-4 2812 401.1041169797
1011 2.2256843979523704E-4 2866 463.8754522685
1012 2.226179875333927E-4 0 0
1013 2.248201438848921E-4 46 2.8551774612
1014 2.2598870056497175E-4 880 130.8938576768
1015 2.1231422505307856E-4 0 0
1016 2.248201438848921E-4 310 63.7490853439
1017 2.0699648105982198E-4 212 20.7856041783
1018 1.9924287706714485E-4 0 0
1019 2.0916126333403055E-4 728 93.6209789618
1020 2.206531332744925E-4 350 51.1943407564
1021 2.1299254526091586E-4 0 0
1022 2.1891418563922942E-4 498 26.8060820915
1023 2.1992522542335605E-4 20230 2433.9174636935
1024 2.213368747233289E-4 904 162.8510836172
1025 2.1496130696474635E-4 0 0
1026 2.363507445048452E-4 4092 285.2015741975
1027 2.1496130696474635E-4 0 0
1028 1.9825535289452815E-4 0 0
1029 2.0193861066235866E-4 0 0
1030 2.2177866489243733E-4 0 0
1031 2.23463687150838E-4 664 142.9992968154
1032 2.4271844660194174E-4 7238 1163.1171825652
1033 2.2857142857142857E-4 0 0
1034 2.3255813953488373E-4 1868 202.1654536361
1035 2.2431583669807088E-4 4244 379.6223227267
1036 2.0120724346076458E-4 160 13.5360940289
1037 2.2306491188935982E-4 318 41.5292076368
1038 2.3057412958266084E-4 1586 180.4673763239
1039 2.098635886673662E-4 388 24.9283762718
1040 1.9774569903104609E-4 0 0
1041 2.1978021978021978E-4 0 0
1042 1.9774569903104609E-4 0 0
1043 2.1367521367521368E-4 1542 182.5458369424
1044 2.008838891120932E-4 0 0
1045 2.0648358455502787E-4 566 61.2544267748
1046 2.2002200220022002E-4 972 130.5146697562
1047 2.1048200378867606E-4 68 3.7062444187
1048 1.9327406262079628E-4 0 0
1049 2.0580366330520683E-4 0 0
1050 2.3917723032767282E-4 6396 896.7373698838
1051 2.0466639377814163E-4 0 0
1052 1.6302575806977502E-4 0 0
1053 2.2123893805309734E-4 13868 2308.2215794069
1054 2.0946795140343527E-4 684 39.280540928
1055 2.253267237494367E-4 0 0
1056 1.8656716417910448E-4 0 0
1057 2.0100502512562814E-4 0 0
1058 2.0951183741881415E-4 564 112.1392479813
1059 2.1829294913774285E-4 0 0
1060 2.2401433691756272E-4 72 10.1165877188
1061 2.2021581149526536E-4 0 0
1062 2.269117313365101E-4 5216 898.8921217461
1063 2.158428663932657E-4 374 55.7298074037
1064 1.7733640716439085E-4 0 0
1065 1.9496977968414895E-4 0 0
1066 2.0755500207555002E-4 1570 245.0864846084
1067 2.5207965717166626E-4 25192 3471.1560421781
1068 2.3623907394283014E-4 7982 1481.883110209
1069 2.426595486532395E-4 17408 1986.0318627667
1070 2.376990729736154E-4 4906 445.896386653
1071 2.3380874444704232E-4 0 0
1072 1.8835938971557733E-4 0 0
1073 2.209456473707468E-4 15296 2262
1074 1.9650225977598743E-4 0 0
1075 2.048760499897562E-4 228 24.7597601132
1076 1.9256691700365877E-4 0 0
1077 2.0721094073767094E-4 0 0
1078 2.195389681668496E-4 7242 1204.4668115091
1079 1.9443904335990667E-4 0 0
1080 2.011667672500503E-4 15390 2262
1081 1.9630938358853554E-4 0 0
1082 1.9630938358853554E-4 0 0
1083 1.9630938358853554E-4 0 0
1084 2.1272069772388852E-4 2478 463.7723143567
1085 1.9142419601837673E-4 0 0
1086 2.108370229812355E-4 204 22.1563333999
1087 2.0712510356255177E-4 14544 2262
1088 2.035002035002035E-4 0 0
1089 2.035002035002035E-4 0 0
1090 2.1204410517387616E-4 90 17.4693012694
1091 1.8365472910927456E-4 0 0
1092 2.031694433157253E-4 0 0
1093 1.9727756954034326E-4 0 0
1094 1.9770660340055358E-4 0 0
1095 1.9406171162429653E-4 190 29.9367086
1096 1.967342120794806E-4 12386 2262
1097 2.173913043478261E-4 908 109.7620449109
1098 2.144542140253056E-4 2986 306.9722702741
1099 1.8832391713747646E-4 0 0
1100 2.1321961620469082E-4 0 0
1101 1.885369532428356E-4 0 0
1102 2.022653721682848E-4 0 0
1103 1.729804532087874E-4 0 0
1104 1.7409470752089137E-4 0 0
1105 2.0859407592824363E-4 2024 260.216055341
1106 1.8456995201181247E-4 0 0
1107 1.934610176049526E-4 0 0
1108 1.89000189000189E-4 0 0
1109 2.0238818053025704E-4 0 0
1110 2.0238818053025704E-4 0 0
1111 2.0238818053025704E-4 0 0
1112 2.090738030524775E-4 1434 208.5988140242
1113 2.0120724346076458E-4 264 29.8391561212
1114 2.039983680130559E-4 0 0
1115 1.9275250578257516E-4 0 0
1116 2.0768431983385254E-4 0 0
1117 1.9696671262556627E-4 0 0
1118 1.866019779809666E-4 0 0
1119 1.8835938971557733E-4 0 0
1120 1.902587519025875E-4 0 0
1121 1.7705382436260624E-4 0 0
1122 1.8779342723004695E-4 0 0
1123 1.7683465959328028E-4 96 36.702659635
1124 1.8839487565938207E-4 0 0
1125 1.64446637066272E-4 0 0
1126 1.9880715705765408E-4 0 0
1127 1.8698578908002991E-4 0 0
1128 1.7611835153222966E-4 0 0
1129 1.7695983011856308E-4 0 0
1130 1.7677214071062401E-4 0 0
1131 1.6388069485414618E-4 0 0
1132 1.678133915086424E-4 0 0
1133 1.60926939169617E-4 0 0
