Fraction CCerr CCPercentileErr CCpercInv BCerr BCPercentileErr BCpercInv SCerr SCPercentileErr SCpercInv
0.05 0.132833152  0.104393952  0.249021682  0.600226645  0.342467560  0.128344791  0.553334736  0.341882440  0.121946060
0.10 0.166660939  0.151566348  0.253093601  0.594235714  0.287486173  0.125753570  0.526531776  0.313584593  0.124590164
0.15 0.080462228  0.083176834  0.169169751  0.458391942  0.226823063  0.103331571  0.439878719  0.251736673  0.098783712
0.20 0.071825065  0.061892523  0.166631412  0.423527759  0.196347349  0.089952406  0.381782653  0.157721302  0.088471708
0.25 0.067178955  0.047517810  0.143892121  0.356822904  0.183395332  0.076731888  0.316371068  0.160068347  0.071813855
0.30 0.056194402  0.050308646  0.121364357  0.326065478  0.179048635  0.076150185  0.300354691  0.161620052  0.071443681
0.35 0.093204204  0.084027008  0.163458488  0.326619274  0.157821041  0.070386039  0.303755947  0.168871190  0.069063987
0.40 0.050143285  0.045867471  0.106028556  0.273160004  0.129126913  0.063881544  0.261565853  0.146887379  0.059545214
0.45 0.051170822  0.044512419  0.103384453  0.249748652  0.123464137  0.058328926  0.228213872  0.121827140  0.057694342
0.50 0.055272823  0.059231961  0.118138551  0.244593152  0.142494943  0.054838710  0.224186634  0.115661466  0.050766790
0.55 0.032274451  0.021533102  0.070227393  0.203719424  0.101919386  0.047858276  0.190409754  0.093335322  0.046959281
0.60 0.035610091  0.025972734  0.078900053  0.172804572  0.092257206  0.040877842  0.161201394  0.080728010  0.038656795
0.65 0.029320660  0.026606852  0.068535167  0.159504292  0.077917321  0.037228979  0.143101231  0.065410629  0.034743522
0.70 0.026321105  0.022587863  0.062665256  0.138264244  0.066869607  0.031411951  0.119131775  0.058501487  0.025383395
0.75 0.025703462  0.022083278  0.059122158  0.125650587  0.063156581  0.029190904  0.112962358  0.060759548  0.028609201
0.80 0.018068968  0.013683214  0.043627710  0.092719944  0.041841036  0.021417240  0.087916302  0.039264116  0.020729773
0.85 0.017594112  0.014414542  0.039767319  0.082373306  0.042317556  0.017345320  0.074624037  0.049643471  0.018085669
0.90 0.016852521  0.015459908  0.044473823  0.068626073  0.036764211  0.015124273  0.057304948  0.026757978  0.014278160
0.95 0.008516426  0.007984841  0.024061343  0.035078256  0.017357659  0.008090957  0.032191271  0.022207442  0.009201481
1.0 0.000000000  0.000000000  0.000000000  0.000000000  0.000000000  0.000000000  0.000000000  0.000000000  0.000000000
