


# Centrality indices at time 9000
# Label Closeness Stress Betweenness
1 2.8524590163934427 266 82.3994449994450000
2 2.6557377049180330 4274 881.0817802729711000
3 3.6721311475409837 84 34.1731601731601800
4 3.3442622950819670 42 12.5095238095238100
5 4.0000000000000000 0 0.0000000000000000
6 4.1967213114754100 116 23.0050671550671520
7 3.5737704918032787 640 159.7310238271214000
8 2.5901639344262297 1796 564.1622858251266000
9 2.7540983606557377 388 70.0303697099966900
10 3.8688524590163937 770 104.6176601176601100
11 3.1475409836065578 224 66.1095670995671000
12 3.9344262295081966 0 0.0000000000000000
13 3.8360655737704920 0 0.0000000000000000
14 3.5409836065573770 1490 272.0835657296633000
15 2.7213114754098360 900 200.7568925654291300
16 2.7540983606557377 712 181.5318101315232300
17 3.1475409836065578 58 9.5507936507936520
18 3.1803278688524590 2076 478.1127914521314300
19 3.0163934426229510 336 56.3398805801244800
20 3.0163934426229510 248 57.3450294150294100
21 2.7213114754098360 1586 295.2801236703675000
22 3.0819672131147540 214 42.0255910755910800
23 4.1967213114754100 0 0.0000000000000000
24 2.9836065573770490 764 182.7553768883754500
25 3.1803278688524590 176 31.9046009546009550
26 3.7049180327868850 48 9.0730158730158730
27 3.5081967213114758 124 22.3825396825396830
28 2.9836065573770490 542 144.5929652190627600
29 2.7213114754098360 1372 277.4231728688974400
30 3.1475409836065578 494 140.5247419247419300
31 2.9180327868852460 514 137.7489355089355000
32 4.1311475409836070 0 0.0000000000000000
33 4.3934426229508200 1030 178.0000000000000000
34 2.8196721311475410 606 145.1563214563214200
35 3.4426229508196720 266 65.5318681318681400
36 4.1639344262295080 0 0.0000000000000000
37 2.5245901639344260 4022 812.4643614857962000
38 2.6557377049180330 2164 484.6119638961389500
39 3.3770491803278690 416 80.2135531135531200
40 3.1147540983606556 1026 173.3139947299631300
41 2.4262295081967213 2076 578.3855415666749000
42 3.3442622950819670 926 99.2017602611002900
43 2.8524590163934427 432 118.5447052947053000
44 3.2786885245901640 568 127.7070707070707300
45 3.5737704918032787 70 11.7845598845598830
46 2.8524590163934427 782 170.1967249552615700
47 4.2950819672131150 8 2.7252747252747250
48 2.8852459016393444 340 73.7571572871572700
49 4.3606557377049180 0 0.0000000000000000
50 4.4262295081967210 0 0.0000000000000000
51 2.8524590163934427 556 156.9918692418692700
52 2.9836065573770490 996 322.7693673535136400
53 3.0491803278688527 266 71.7102064602064600
54 4.1639344262295080 14 3.8666666666666667
55 2.9836065573770490 1804 447.8641989956480500
56 3.4426229508196720 34 4.8910256410256405
57 4.5245901639344260 2 0.5000000000000000
58 3.3442622950819670 1210 220.8727519348178700
59 4.3934426229508200 0 0.0000000000000000
60 2.8196721311475410 470 68.3908525238510800
61 5.3442622950819670 0 0.0000000000000000
62 3.4754098360655740 142 25.2964935064935100
%END%



# Centrality indices at time 9000
# Label Closeness Stress Betweenness
1 2.9996001599360260 214 60.2748655138899100
2 2.7764894042383050 3664 788.3019605818280000
3 3.6193522590963620 74 26.6303452644916060
4 3.3466613354658140 16 5.1414634146341460
5 3.9664134346261495 0 0.0000000000000000
6 4.2886845261895240 95 20.3070356472795480
7 3.7928828468612560 539 134.8036625797363400
8 2.8508596561375450 1494 453.8905544424081300
9 2.7764894042383050 390 79.1954493502749100
10 4.0903638544582160 465 62.1685860887080400
11 3.2722910835665733 228 68.3072611128708800
12 4.0159936025589770 0 0.0000000000000000
13 3.7185125949620152 0 0.0000000000000000
14 3.7928828468612560 910 162.3996436312052000
15 2.7021191523390646 886 219.2770563414376600
16 2.9500199920031990 538 129.7701607461992000
17 3.0987604958016792 69 12.8164537359659330
18 3.3218712514994000 1943 494.3156185433117600
19 2.9500199920031990 341 67.9263885397436800
20 3.2970811675329870 164 36.3988727126532000
21 2.6277489004398240 1494 353.0751427665467000
22 2.9252299080367856 281 60.5025172659319100
23 4.2886845261895240 0 0.0000000000000000
24 2.9500199920031990 663 167.1885478038853400
25 3.1483406637345060 173 32.9968436712339200
26 3.9912035185925630 37 7.6329849012775840
27 3.6937225109956016 108 20.0197831978319770
28 3.2722910835665733 467 121.6992270694471900
29 2.9004398240703720 1140 220.0637055071658200
30 3.0987604958016792 916 261.9090982188543500
31 3.3466613354658140 402 100.9378594846887400
32 4.2886845261895240 0 0.0000000000000000
33 4.7349060375849670 892 151.2195121951219500
34 2.7516993202718910 771 228.5116189366189300
35 3.1235505797680925 480 150.8572500670061600
36 4.0655737704918030 0 0.0000000000000000
37 2.4046381447421030 3892 955.0069860808184000
38 2.5037984806077570 2079 533.1987960268882000
39 3.0739704118352660 747 201.7564638613419300
40 2.9748100759696120 1026 236.1904397310356700
41 2.5037984806077570 1973 569.9068126157899000
42 3.4954018392642947 756 89.2680737845475200
43 3.1979208316673330 384 95.0378419683297900
44 2.9748100759696120 529 143.6709241977534600
45 3.2227109156337470 178 53.8944813993594500
46 2.9004398240703720 787 147.9493415765278000
47 3.9168332666933230 30 14.0404270526221740
48 3.0987604958016792 254 50.2020631401119250
49 4.3630547780887640 0 0.0000000000000000
50 4.0159936025589770 4 2.5707317073170732
51 2.9252299080367856 444 108.8495346117297400
52 2.9996001599360260 922 296.5995769680777700
53 2.9004398240703720 313 80.6170665377982400
54 3.8920431827269093 19 5.2926829268292686
55 3.1731307477009200 1500 366.9534934143164000
56 3.6937225109956016 16 2.7529706066291430
57 4.7596961215513796 1 0.3780487804878049
58 3.3962415033986404 1264 323.0066068793741500
59 4.0407836865253906 0 0.0000000000000000
60 2.9500199920031990 502 94.1394773621319400
61 5.7017193122750900 0 0.0000000000000000
62 3.3714514194322276 167 36.6167138281772500
%END%



# Centrality indices at time 8500
# Label Closeness Stress Betweenness
1 2.6350941105039465 342 97.4498036942481200
2 2.5974499089253187 2744 753.0237305299396000
3 3.3503339404978750 117 49.4270322270322300
4 3.1244687310261080 20 6.4897707231040570
5 3.6514875531268975 0 0.0000000000000000
6 4.3667273831208260 32 7.5545414462081130
7 3.8020643594414087 215 59.4889946473279900
8 2.6350941105039465 1331 456.0002230521837000
9 2.6350941105039465 355 92.5250009612754500
10 4.1032179720704310 277 40.7753809976032200
11 2.8233151183970855 225 66.7732643899310600
12 3.6514875531268975 0 0.0000000000000000
13 3.7644201578627810 0 0.0000000000000000
14 3.8020643594414087 555 105.7345165122942800
15 2.5598057073466913 714 170.0040876818654900
16 2.7103825136612020 541 148.7690637672664000
17 2.9362477231329690 64 10.8071722516166970
18 3.2374013357619913 1028 282.6834704873920700
19 2.6727383120825743 310 64.9929847929847700
20 3.1244687310261080 195 44.2280965947632600
21 2.4468731026108080 1095 339.4645669145669400
22 2.8233151183970855 220 45.3644816089260400
23 4.2537947783849420 0 0.0000000000000000
24 2.7480267152398303 587 189.3846448274552800
25 2.9738919247115970 195 36.5194077527410900
26 3.8020643594414087 43 8.5928865373309820
27 3.4256223436551303 140 26.0137566137566130
28 3.0491803278688527 521 148.9589297533742000
29 2.6350941105039465 870 206.2468957331702500
30 2.7856709168184577 631 234.9748907471130000
31 2.9738919247115970 344 82.3687649798760900
32 4.2537947783849420 0 0.0000000000000000
33 4.8184578020643590 342 62.0000000000000000
34 2.7480267152398303 489 116.1299472132805300
35 3.0868245294474805 227 72.2551078551078700
36 3.8020643594414087 0 0.0000000000000000
37 2.2586520947176685 2976 953.0353882138194000
38 2.3715846994535520 1634 486.9404224981022400
39 2.9738919247115970 424 126.0262922262922300
40 2.9362477231329690 819 271.8644991174403000
41 2.3339404978749240 1761 568.6760846391566000
42 3.3879781420765030 381 50.7069363219690000
43 2.7856709168184577 404 108.5626772404550200
44 2.7856709168184577 810 257.2700568978346500
45 3.0868245294474805 73 17.7694564694564700
46 2.5974499089253187 677 155.0436497658719800
47 3.7267759562841527 13 6.1907475240808570
48 2.7480267152398303 470 113.1022847522847600
49 4.2914389799635700 0 0.0000000000000000
50 3.9526411657559200 9 5.0518518518518520
51 2.6727383120825743 479 121.2390662835107200
52 2.7103825136612020 1336 492.9025743803522000
53 2.7480267152398303 231 61.2832963332963350
54 3.6891317547055253 25 7.7691358024691360
55 3.0868245294474805 913 231.7477130591509500
56 3.3503339404978750 32 5.0415479582146245
57 4.8184578020643590 0 0.0000000000000000
58 3.3503339404978750 982 319.4702464565209500
59 3.9902853673345478 0 0.0000000000000000
60 2.7103825136612020 355 74.7215400310171400
61 5.8348512446873100 0 0.0000000000000000
62 3.1244687310261080 96 27.6942279942279970
%END%



# Centrality indices at time 9000
# Label Closeness Stress Betweenness
1 3.1415797317436662 182 46.9259128077309800
2 2.8643815201192253 3329 693.6575717171061000
3 3.6959761549925485 95 37.0353010625737900
4 3.4187779433681070 39 10.0537518037518050
5 4.0655737704918030 0 0.0000000000000000
6 4.1887729756582220 122 25.6232313982314000
7 3.9423745653253850 588 144.8976572474909700
8 2.9567809239940390 1341 369.4428792034114000
9 2.9259811227024340 268 56.7103463260891200
10 4.0347739692001990 821 113.2973792201064900
11 3.4187779433681070 169 48.9420175783812100
12 4.0655737704918030 0 0.0000000000000000
13 3.7575757575757580 0 0.0000000000000000
14 3.8499751614505713 1534 263.6886427771129000
15 2.6795827123695980 999 238.2631435042742700
16 3.1415797317436662 469 101.6098309077799400
17 3.1107799304520616 78 12.7712842712842710
18 3.3879781420765025 1461 320.3989704103895000
19 2.9875807252856434 310 54.6066148641536600
20 3.4495777446597122 133 30.8727975727975700
21 2.7103825136612020 1728 424.9884569278139000
22 2.9567809239940390 283 60.9906129224311200
23 4.4043715846994540 0 0.0000000000000000
24 3.0799801291604570 683 204.4395012230932300
25 3.2647789369100844 167 24.8426319471774060
26 4.0963735717834080 48 8.1115921115921130
27 3.7267759562841530 125 23.5415103415103420
28 3.3879781420765025 443 120.8832096580433800
29 3.0183805265772480 1029 191.4761696667462000
30 3.1107799304520616 1061 326.4927242790879500
31 3.4187779433681070 306 74.6913956413956400
32 4.4043715846994540 0 0.0000000000000000
33 4.7431693989071040 1054 170.9696969696969700
34 2.7411823149528067 704 170.2653287789651000
35 3.2031793343268755 225 68.1284271284271300
36 4.0655737704918030 0 0.0000000000000000
37 2.4331843020367610 3981 1077.5693263909445000
38 2.5255837059115750 2273 594.6424485283133000
39 3.0183805265772480 819 225.2559995559995800
40 2.9567809239940390 1245 355.9607604270575000
41 2.6179831097863880 1884 494.9530293062444500
42 3.4187779433681070 721 82.5507334621525400
43 3.3571783407848983 238 56.7981464663282700
44 2.8951813214108295 1042 314.6667566440293600
45 3.2955787382016895 93 28.7866631684813500
46 3.0183805265772480 715 147.2582581539343800
47 3.8191753601589666 16 7.6940836940836940
48 3.2955787382016895 216 36.0843849752940640
49 4.3119721808246400 0 0.0000000000000000
50 4.0655737704918030 9 6.0121212121212130
51 3.0799801291604570 456 99.6394109257745700
52 3.1107799304520616 1194 380.8823133013820000
53 2.9259811227024340 310 77.8347835666017400
54 3.7883755588673624 24 6.9828282828282830
55 3.2339791356184797 1583 371.1710526067511000
56 3.8191753601589666 33 3.9201631701631700
57 4.8355688027819180 1 0.4696969696969697
58 3.3571783407848983 1450 407.3790572201880000
59 3.9731743666169900 0 0.0000000000000000
60 3.1107799304520616 283 43.6738497028962600
61 5.6979632389468460 0 0.0000000000000000
62 3.3571783407848983 264 58.1046329091783600
%END%



# Centrality indices at time 8500
# Label Closeness Stress Betweenness
1 2.7411823149528067 210 53.5031823395459800
2 2.8335817188276207 2959 643.9677535101064000
3 3.4495777446597122 80 30.5185097730552300
4 3.0799801291604570 45 12.4849927849927860
5 3.9115747640337800 0 0.0000000000000000
6 4.2503725782414300 35 7.7669182669182680
7 3.8191753601589666 217 57.6675097293279200
8 2.6487829110779932 1450 483.7517836738425700
9 2.7411823149528067 343 84.5593485935731800
10 4.1579731743666170 503 68.7400680968862800
11 3.1723795330352710 232 70.9182509073418100
12 3.9731743666169900 0 0.0000000000000000
13 3.5111773472429210 0 0.0000000000000000
14 3.7267759562841530 1038 200.0851287264924000
15 2.4639841033283654 877 244.4233558529013200
16 2.8643815201192253 507 144.2725917279393600
17 2.8643815201192253 77 15.8146224146224160
18 3.3879781420765025 1403 350.3969517747057700
19 2.9259811227024340 248 44.3555927237745400
20 3.2031793343268755 197 47.3113463808918400
21 2.5563835072031793 1294 286.2192773556409400
22 2.8951813214108295 270 56.0694514239968950
23 4.3427719821162450 0 0.0000000000000000
24 3.0183805265772480 432 117.3228088805628900
25 3.0799801291604570 159 27.2059131104585640
26 4.0039741679085950 16 2.8241462241462240
27 3.7883755588673624 37 6.2432419432419440
28 3.2031793343268755 289 89.3447909666091200
29 2.8643815201192253 967 181.8561436671864200
30 2.9567809239940390 946 272.8601549965186500
31 3.0799801291604570 362 92.2518643309552400
32 4.4043715846994540 0 0.0000000000000000
33 4.6815697963238950 321 60.1212121212121250
34 2.5563835072031793 822 251.1372540758903800
35 3.0491803278688523 210 65.3357087357087400
36 3.9115747640337800 0 0.0000000000000000
37 2.3407848981619477 3466 937.4182490246925000
38 2.3715846994535520 1972 485.6809751686223000
39 2.8335817188276207 809 227.4785436785437000
40 2.9567809239940390 971 269.7420988063234000
41 2.2791852955787380 1948 615.9790638852137000
42 3.5111773472429210 606 64.5690750050108400
43 2.9259811227024340 501 137.7836222699859000
44 2.7719821162444114 1078 329.0856402856403000
45 3.2031793343268755 170 46.4243604879968400
46 2.8027819175360160 770 163.3658197021833600
47 3.7267759562841530 11 6.5189810189810200
48 2.9875807252856434 310 65.1275311557129700
49 4.3735717834078490 0 0.0000000000000000
50 3.9115747640337800 7 3.5696969696969700
51 2.7103825136612020 464 116.5827033236124000
52 2.9567809239940390 1035 334.3110751201660400
53 2.7411823149528067 343 97.6129727175181800
54 3.5727769498261300 24 6.4818181818181820
55 3.1107799304520616 1333 346.8661292500330000
56 3.5419771485345257 24 2.6134421134421135
57 4.7739692001987080 1 0.4696969696969697
58 3.3571783407848983 1033 275.8473711097775000
59 3.7883755588673624 0 0.0000000000000000
60 2.8951813214108295 334 74.1377464682277500
61 5.6979632389468460 0 0.0000000000000000
62 3.1723795330352710 313 72.5186636932091500
%END%



# Centrality indices at time 8500
# Label Closeness Stress Betweenness
1 2.7801350048216010 289 88.4725756269873800
2 2.5708775313404050 3282 788.3910069668891000
3 3.2584378013500483 131 52.8318309141838540
4 3.3182256509161040 21 4.6869047619047630
5 4.2150433944069430 0 0.0000000000000000
6 4.1552555448408870 103 19.8040248150542270
7 3.6171648987463842 583 149.4836833591245000
8 2.6007714561234330 1491 447.1015775890776400
9 2.7801350048216010 253 64.5855092619798400
10 3.8862102217936360 548 79.3957474714827800
11 3.0192864030858250 231 73.6806268568033300
12 4.2150433944069430 0 0.0000000000000000
13 3.7666345226615230 0 0.0000000000000000
14 3.5872709739633560 1110 203.2709493610964300
15 2.6306653809064606 897 232.7930798776387000
16 2.9893924783027965 299 77.3212575822870300
17 3.0790742526518806 45 9.0148926237161520
18 3.1388621022179364 1777 505.5800936318583500
19 3.1089681774349085 220 43.6639452051216640
20 2.9594985535197686 255 55.8758179565532560
21 2.5708775313404050 1484 366.3469980999392400
22 3.1388621022179364 196 34.0962452580099500
23 4.0954676952748310 0 0.0000000000000000
24 3.0790742526518806 386 111.9396827029179900
25 3.2883317261330762 142 20.4563555725320430
26 3.8563162970106077 16 2.9234360410830997
27 3.4975891996142720 124 23.0343604108310020
28 3.0790742526518806 444 130.0475149686914200
29 2.6306653809064606 1187 263.3999158847688000
30 3.1388621022179364 534 182.8803002553002800
31 2.8698167791706850 687 181.0950935012699600
32 4.0954676952748310 0 0.0000000000000000
33 4.5438765670202510 342 60.1764705882352900
34 2.7502410800385730 647 160.2513533035591700
35 3.0790742526518806 527 165.9116192630898500
36 4.1552555448408870 0 0.0000000000000000
37 2.3915139826422370 3145 836.8012157613626000
38 2.4811957569913210 2126 556.0913548379724000
39 3.0790742526518806 403 117.2414188752424000
40 3.0192864030858250 807 200.0283880825057000
41 2.4214079074252655 1814 532.0964297140767000
42 3.2883317261330762 534 63.4927356303826800
43 2.8100289296046290 501 131.4260295260295000
44 3.0192864030858250 1035 300.4937017231135000
45 3.1089681774349085 189 56.2193722943722900
46 2.9296046287367408 640 153.0832902391725800
47 3.8862102217936360 29 14.5548373195432020
48 2.7801350048216010 461 104.4816042780748500
49 4.3047251687560270 0 0.0000000000000000
50 3.9161041465766630 10 6.1999999999999990
51 2.8997107039537124 395 104.4935081258610700
52 3.1986499517839926 568 171.8019491945962300
53 2.9296046287367408 227 67.4305966908908000
54 3.8264223722275794 20 5.6225490196078440
55 2.9594985535197686 1575 388.7895828354652000
56 3.7666345226615230 29 3.9042232277526394
57 4.5139826422372230 3 0.9117647058823529
58 3.2883317261330762 1079 264.8023165723165000
59 4.0954676952748310 0 0.0000000000000000
60 3.0491803278688523 227 43.7394802909508700
61 5.5602700096432020 0 0.0000000000000000
62 3.1388621022179364 322 74.4866636957813500
%END%



# Centrality indices at time 9000
# Label Closeness Stress Betweenness
1 2.7103825136612025 277 82.9458945375612200
2 2.6256830601092900 3466 715.1346516572149000
3 3.5009107468123860 91 36.5256493506493500
4 3.0774134790528236 46 13.1524470899470900
5 4.0938069216757750 0 0.0000000000000000
6 4.2914389799635700 37 7.3252535273368620
7 3.7267759562841527 270 60.5573298513440650
8 2.5974499089253187 1591 472.9608139219390000
9 2.6539162112932604 452 106.6562313937015000
10 3.9526411657559200 714 93.0126074542741300
11 3.0774134790528236 177 50.4906597723264400
12 4.0373406193078320 0 0.0000000000000000
13 3.6138433515482697 0 0.0000000000000000
14 3.6985428051001820 1422 245.1320064864374300
15 2.5127504553734060 888 239.9082364376063800
16 2.7950819672131146 384 99.5085772324324600
17 3.0209471766848820 60 10.3511022927689600
18 3.1903460837887065 1763 438.0087703280123000
19 2.9080145719489980 237 41.4246410357182740
20 3.1056466302367940 213 44.8131359998026700
21 2.5409836065573774 1505 355.3712043489482500
22 2.9644808743169397 194 39.3024961149961240
23 4.2067395264116570 0 0.0000000000000000
24 3.0491803278688523 501 118.4358075778747800
25 3.1056466302367940 165 30.9772224688891350
26 3.8679417122040070 13 2.5450617283950620
27 3.5291438979963570 122 22.0922839506172830
28 3.0774134790528236 435 122.7601010153652400
29 2.6256830601092900 1243 263.3893727637738000
30 2.9644808743169397 971 293.2029615446282400
31 2.9362477231329693 403 93.5114392089392000
32 4.1502732240437160 0 0.0000000000000000
33 4.5737704918032790 992 161.8888888888888900
34 2.6539162112932604 864 261.5593314093314000
35 3.1621129326047360 508 151.8228785103785600
36 3.9244080145719490 0 0.0000000000000000
37 2.3715846994535520 3396 771.5455260274996000
38 2.4562841530054644 2190 550.5909725916916000
39 2.9927140255009110 361 99.5285154660154900
40 3.0209471766848820 955 221.1856038760820700
41 2.3151183970856106 1999 584.2646563607408000
42 3.3315118397085612 883 104.6661327803747700
43 2.9362477231329693 397 101.8369030660697400
44 2.9080145719489980 754 201.9928424970091800
45 3.2468123861566487 106 28.0044392336059040
46 2.7950819672131146 632 147.3520159605526000
47 3.8679417122040070 32 16.1860500610500600
48 2.8515482695810570 416 95.6266498316498300
49 4.3761384335154820 0 0.0000000000000000
50 4.0373406193078320 0 0.0000000000000000
51 2.8515482695810570 370 81.8100862100862300
52 3.0774134790528236 842 263.1703461586592000
53 2.7950819672131146 258 72.0328668245335000
54 3.7832422586520950 17 4.9083333333333340
55 3.0491803278688523 1567 356.3312915617601700
56 3.6138433515482697 27 3.6873219373219372
57 4.7431693989071040 1 0.4305555555555556
58 3.3597449908925316 990 197.7375709574801300
59 4.0091074681238620 0 0.0000000000000000
60 2.7950819672131146 435 84.3048289885628500
61 5.5336976320582885 0 0.0000000000000000
62 3.2468123861566487 256 54.2060994869328200
%END%



# Centrality indices at time 8500
# Label Closeness Stress Betweenness
1 2.8515482695810570 287 87.2176517926518000
2 2.6821493624772312 3101 681.6602351748717000
3 3.5856102003642984 75 28.7700577200577250
4 3.2750455373406190 18 6.0708333333333340
5 3.8961748633879782 0 0.0000000000000000
6 4.0655737704918030 103 21.4694766653099980
7 3.6138433515482697 597 144.4562343625961800
8 2.7103825136612025 1474 411.9155713821842000
9 2.8233151183970855 301 64.4220172489182700
10 3.8679417122040070 325 48.6288771413771500
11 3.1338797814207650 167 48.7826651434984840
12 3.8961748633879782 0 0.0000000000000000
13 3.7267759562841527 0 0.0000000000000000
14 3.6138433515482697 711 124.2572669719621200
15 2.6256830601092900 897 212.5140780478178600
16 2.8797814207650270 465 94.6366633419718300
17 2.9927140255009110 79 12.4519400352733690
18 3.1903460837887065 1357 308.2678311933740000
19 2.8233151183970855 341 61.6082593595804800
20 3.1338797814207650 239 47.7228819637153000
21 2.4845173041894353 1736 471.0687242033787000
22 2.9080145719489980 229 42.5635733094066400
23 4.2067395264116570 0 0.0000000000000000
24 2.8797814207650270 611 167.6687366707632200
25 3.1056466302367940 179 32.3738015071348400
26 3.8961748633879782 15 2.9236772486772480
27 3.6138433515482697 120 21.4949735449735470
28 3.1621129326047360 440 119.8335875032826400
29 2.7386156648451730 1109 224.0212064036358600
30 2.9927140255009110 1045 304.3129293545960600
31 3.1056466302367940 539 125.3815925124258400
32 4.2067395264116570 0 0.0000000000000000
33 4.6020036429872500 359 62.0000000000000000
34 2.7103825136612025 652 161.9703355286688700
35 3.1621129326047360 506 161.5144790394790600
36 3.9526411657559200 0 0.0000000000000000
37 2.3715846994535520 3508 955.1408106134347000
38 2.5409836065573774 1641 434.1002940422225000
39 2.9644808743169397 750 208.7522588522588800
40 2.8797814207650270 1116 315.3457592845099000
41 2.4562841530054644 1965 530.7830959571274000
42 3.2750455373406190 625 77.0807288512716700
43 3.0209471766848820 325 70.9481335023001700
44 2.9362477231329693 473 137.9003300711634000
45 3.1621129326047360 106 30.4746352413019000
46 2.8233151183970855 725 140.6803879724611200
47 3.8961748633879782 34 15.1404151404151420
48 2.9080145719489980 401 85.0605804072470900
49 4.1502732240437160 0 0.0000000000000000
50 4.0655737704918030 1 0.8611111111111112
51 2.7950819672131146 520 124.4712406420740000
52 2.9362477231329693 1184 384.0105004412931000
53 2.7950819672131146 315 74.3639124764124800
54 3.9244080145719490 8 2.2101851851851850
55 2.9927140255009110 1572 364.7257683097938600
56 3.6420765027322406 29 3.9633190883190883
57 4.5173041894353370 3 0.8611111111111112
58 3.1903460837887065 1393 387.4813298972756000
59 3.9244080145719490 0 0.0000000000000000
60 2.9080145719489980 380 64.2746696266961700
61 5.6183970856102010 0 0.0000000000000000
62 3.3879781420765030 103 24.5003755812089140
%END%



# Centrality indices at time 8500
# Label Closeness Stress Betweenness
1 2.8335817188276207 249 64.5577812759631000
2 2.6179831097863880 3366 793.9867693208492000
3 3.4495777446597122 92 35.2386593204775100
4 3.2031793343268755 46 13.1895382395382400
5 4.1271733730750130 0 0.0000000000000000
6 4.0039741679085950 116 23.8277158027158000
7 3.6651763537009440 638 151.3343232077933000
8 2.6795827123695980 1531 404.1431805014400400
9 2.8335817188276207 272 70.5725903110603800
10 3.8499751614505713 571 78.4482858051040000
11 3.2339791356184797 204 55.3372976518431100
12 4.1271733730750130 0 0.0000000000000000
13 3.6959761549925485 0 0.0000000000000000
14 3.6035767511177350 1151 198.0438438218593800
15 2.6179831097863880 969 223.6155712953384400
16 3.1107799304520616 370 77.1791444225479800
17 2.9567809239940390 73 12.1077441077441070
18 3.1723795330352710 1348 296.1112127808137300
19 3.0799801291604570 248 43.9857179159839760
20 3.0491803278688523 272 59.8871368194095500
21 2.4947839046199705 1844 466.3663877511991700
22 3.1723795330352710 180 31.4196303696303650
23 4.1887729756582220 0 0.0000000000000000
24 3.1415797317436662 486 161.3038067828533700
25 3.3571783407848983 186 31.3776344867254000
26 3.8499751614505713 46 8.4142857142857150
27 3.5111773472429210 43 7.5777777777777780
28 3.0799801291604570 321 83.2938538623239300
29 2.6795827123695980 1057 207.1711019903148000
30 3.2955787382016895 621 163.4999927681746200
31 2.9875807252856434 586 152.3686511131966000
32 4.1887729756582220 0 0.0000000000000000
33 4.5275707898658720 373 60.1212121212121250
34 2.6795827123695980 717 166.8250057181875000
35 3.1107799304520616 234 69.8305194805194800
36 4.3119721808246400 0 0.0000000000000000
37 2.3407848981619477 3376 915.7108345965440000
38 2.4947839046199705 2000 500.7347451878827000
39 2.8951813214108295 809 224.7241924741924800
40 2.9259811227024340 1014 281.2504006857887500
41 2.5255837059115750 2029 529.3542474483718000
42 3.2339791356184797 764 89.6018145695972800
43 2.9259811227024340 550 144.5189485598576500
44 2.9567809239940390 999 295.5724043633134700
45 3.0799801291604570 208 55.5158096112641600
46 3.0491803278688523 558 111.7249811615665000
47 3.8807749627421755 11 5.2337662337662340
48 2.8643815201192253 387 84.3636350518168600
49 4.1887729756582220 0 0.0000000000000000
50 4.0039741679085950 11 6.3878787878787880
51 2.7719821162444114 574 151.6061748016293200
52 3.1723795330352710 1151 379.9450725959595000
53 2.9567809239940390 244 45.3955525955525940
54 3.7883755588673624 15 4.1959595959595966
55 2.9875807252856434 1576 360.3017485774471000
56 3.8499751614505713 31 4.5584693084693080
57 4.5583705911574760 1 0.4696969696969697
58 3.1723795330352710 1179 301.6580074282292000
59 3.8499751614505713 0 0.0000000000000000
60 2.9875807252856434 248 50.5875294574851100
61 5.5439642324888230 0 0.0000000000000000
62 3.2647789369100844 326 75.7547877038786000
%END%



# Centrality indices at time 8500
# Label Closeness Stress Betweenness
1 2.7103825136612020 221 63.0447199265380900
2 2.4331843020367610 3592 876.5240742360306000
3 3.3879781420765025 92 37.1650268922996200
4 3.0799801291604570 43 10.5905483405483420
5 3.8807749627421755 0 0.0000000000000000
6 4.0655737704918030 107 21.9480389980389960
7 3.5111773472429210 636 155.2892052506908600
8 2.5563835072031793 1602 468.9975594400141300
9 2.5563835072031793 364 83.7911342228872000
10 3.8191753601589666 298 39.1918456963911600
11 2.9875807252856434 170 47.6338877957059900
12 3.8807749627421755 0 0.0000000000000000
13 3.6035767511177350 0 0.0000000000000000
14 3.5419771485345257 629 103.8470953403991100
15 2.4947839046199705 852 230.6189071829870000
16 2.7103825136612020 462 115.3564349948464000
17 2.9567809239940390 43 8.4053391053391040
18 3.0183805265772480 1634 414.9623218388498000
19 2.8027819175360160 261 42.9830008662602900
20 2.9567809239940390 202 41.1000197445651950
21 2.4023845007451565 1467 387.2084723644591000
22 2.8335817188276207 186 38.7640038412765760
23 4.0347739692001990 0 0.0000000000000000
24 2.7719821162444114 465 98.3702197256390600
25 3.0491803278688523 73 11.9012474057928600
26 3.7267759562841530 41 8.6901394901394900
27 3.3571783407848983 45 8.1473785473785480
28 2.9567809239940390 341 84.2359022573878500
29 2.5255837059115750 1093 244.1604252800274800
30 2.8951813214108295 1018 307.4013489877126500
31 2.9875807252856434 524 130.9647588438497500
32 3.9731743666169900 0 0.0000000000000000
33 4.5275707898658720 377 62.0000000000000000
34 2.5871833084947840 574 152.2647724329543000
35 2.9875807252856434 191 70.0922077922078000
36 3.8499751614505713 0 0.0000000000000000
37 2.1867858917039245 3530 876.8108791770040000
38 2.3099850968703426 2019 505.4697764513455000
39 2.9259811227024340 351 113.2176157176157100
40 2.8027819175360160 862 175.1399664073734600
41 2.2483854942871337 1850 519.9930386754047000
42 3.2031793343268755 689 86.0634049981147900
43 2.9259811227024340 323 73.6306594079321400
44 2.8335817188276207 697 196.0405508632781600
45 3.0799801291604570 88 24.5936857755039570
46 2.6179831097863880 798 177.8229709643235600
47 3.8191753601589666 9 6.5757575757575760
48 2.8027819175360160 432 102.6859377323013500
49 4.1887729756582220 0 0.0000000000000000
50 3.9115747640337800 3 2.8181818181818183
51 2.7411823149528067 332 86.0992917856554200
52 2.8643815201192253 537 187.9322413112878400
53 2.7719821162444114 227 62.9765098537825900
54 3.7575757575757580 5 1.7848484848484850
55 2.8951813214108295 1542 356.5863288191694700
56 3.5419771485345257 11 1.1742424242424243
57 4.4659711872826630 1 0.4696969696969697
58 3.1723795330352710 1059 238.3961666159683500
59 3.9423745653253850 0 0.0000000000000000
60 2.6795827123695980 373 55.1769406141781200
61 5.5439642324888230 0 0.0000000000000000
62 3.1107799304520616 276 64.5882404127858800
%END%
