Fraction CCerr CCPercentileErr CCpercInv BCerr BCPercentileErr BCpercInv SCerr SCPercentileErr SCpercInv 
0.05 0.018637337  0.015040344  0.043480675  0.528949766  0.346084571  0.064458628  0.470407291  0.280379387  0.058544656
0.10 0.018987056  0.014365230  0.035453579  0.448136881  0.271065207  0.058959921  0.399890241  0.216792148  0.053863691
0.15 0.011708885  0.009355544  0.027593493  0.360002949  0.218629940  0.051225366  0.321389992  0.171407645  0.047428884
0.20 0.010518628  0.008449305  0.023751478  0.320663927  0.174931086  0.047917128  0.285767661  0.140131118  0.044162906
0.25 0.010113671  0.007828103  0.019241889  0.291364558  0.161956581  0.044452640  0.259935132  0.124657242  0.041214731
0.30 0.008495602  0.006808375  0.018666475  0.262006220  0.138827114  0.041264163  0.234732227  0.113432691  0.038265620
0.35 0.006792307  0.005465917  0.017185994  0.241915930  0.128375545  0.038668721  0.217618422  0.102654150  0.036003106
0.40 0.005861781  0.004709444  0.014121333  0.211294207  0.110787784  0.034426255  0.190245768  0.090263116  0.032037276
0.45 0.004972756  0.004194301  0.012481950  0.194818898  0.101051792  0.032224870  0.174473270  0.081985588  0.029924151
0.50 0.004656409  0.003900283  0.011260483  0.176284893  0.092189244  0.029471929  0.158411686  0.075159400  0.027395451
0.55 0.005252927  0.004314239  0.010664174  0.157501169  0.081588054  0.026588001  0.140999385  0.065446768  0.024869713
0.60 0.004062588  0.003371595  0.009574319  0.143633292  0.075837893  0.024182960  0.128630235  0.061006395  0.022625133
0.65 0.003298510  0.002692505  0.008099607  0.129943875  0.069144834  0.022086833  0.116220868  0.055830882  0.020586236
0.70 0.003291996  0.002604703  0.007255668  0.109229739  0.059106662  0.018706552  0.097727145  0.046990216  0.017460602
0.75 0.003172383  0.002444363  0.006038411  0.095467775  0.052501677  0.016231026  0.085078346  0.041619093  0.015084254
0.80 0.002799278  0.002225583  0.005712811  0.080382898  0.046520438  0.013601901  0.071688193  0.038289951  0.012634770
0.85 0.002260385  0.001760870  0.004783885  0.065008075  0.039019399  0.010930517  0.057942702  0.030812587  0.010206182
0.90 0.002159153  0.001687736  0.004044424  0.048829939  0.031100427  0.008128456  0.043192435  0.025102165  0.007558033
0.95 0.001199957  0.000939302  0.002360131  0.029404514  0.020000405  0.004795736  0.025805881  0.016174864  0.004423199
1.0 0.000000000  0.000000000  0.000000000  0.000000000  0.000000000  0.000000000  0.000000000  0.000000000  0.000000000
