62
1 0.0056818181818182 252 69.8423021423021500
2 0.0060975609756098 3496 780.7674340500884000
3 0.0046296296296296 86 33.2064935064935000
4 0.0050505050505051 32 8.6880952380952370
5 0.0040816326530612 0 0.0000000000000000
6 0.0039062500000000 78 16.0318986568986600
7 0.0043859649122807 442 107.5034844965332600
8 0.0059880239520958 1488 432.7533465259434000
9 0.0059523809523810 358 81.8585996101777900
10 0.0041322314049587 560 76.4734321234321000
11 0.0051282051282051 202 58.8967965367965300
12 0.0040816326530612 0 0.0000000000000000
13 0.0044052863436123 0 0.0000000000000000
14 0.0044444444444444 1106 193.4175620856109000
15 0.0061728395061728 912 226.8175377468060700
16 0.0055555555555556 498 121.8495287949735800
17 0.0054054054054054 68 12.0952380952380930
18 0.0050761421319797 1676 418.3385962706193500
19 0.0055248618784530 290 54.3689329640549200
20 0.0051813471502591 220 48.7306826506826400
21 0.0064102564102564 1558 375.6834073785294700
22 0.0054644808743169 234 46.4843933843933850
23 0.0038910505836576 0 0.0000000000000000
24 0.0054644808743169 568 154.3889954378476500
25 0.0051282051282051 160 27.0219391719391700
26 0.0041841004184100 32 6.0174603174603170
27 0.0045454545454545 88 15.9666666666666650
28 0.0051813471502591 398 107.0069094049581800
29 0.0059880239520958 1182 244.3304540700810600
30 0.0052910052910053 808 239.8371739371740000
31 0.0052910052910053 484 120.9646864246864200
32 0.0038910505836576 0 0.0000000000000000
33 0.0035460992907801 722 120.0000000000000100
34 0.0059880239520958 752 209.2291708291708000
35 0.0051813471502591 390 119.6628205128205000
36 0.0040160642570281 0 0.0000000000000000
37 0.0068493150684932 3580 908.5481374659133000
38 0.0065359477124183 2000 507.1654264904551000
39 0.0054054054054054 606 165.9891941391941300
40 0.0054945054945055 1012 258.0914094561584300
41 0.0066225165562914 1888 523.9272371339800000
42 0.0048780487804878 728 85.1008584528813700
43 0.0054054054054054 422 106.7181041181041200
44 0.0055248618784530 788 229.9600122100122200
45 0.0051020408163265 154 44.0583694083694100
46 0.0056818181818182 712 148.8538125830809200
47 0.0042016806722689 24 11.0109890109890110
48 0.0055555555555556 386 84.9174025974026000
49 0.0038167938931298 0 0.0000000000000000
50 0.0040485829959514 6 3.4000000000000000
51 0.0057471264367816 484 122.2843878343878300
52 0.0054054054054054 958 309.9187523858255400
53 0.0056179775280899 280 70.3977022977022700
54 0.0042553191489362 16 4.3666666666666670
55 0.0053191489361702 1538 362.7852271544809400
56 0.0044444444444444 24 3.2115384615384612
57 0.0034965034965035 2 0.5000000000000000
58 0.0049504950495050 1210 308.1891413719391000
59 0.0040816326530612 0 0.0000000000000000
60 0.0056179775280899 394 74.4179553668075900
61 0.0029239766081871 0 0.0000000000000000
62 0.0049504950495050 228 51.9536363636363560
